0.000000 0.000000 0.988604
0.000000 0.017857 1.041527
0.000000 0.035714 1.075040
0.000000 0.053571 1.092207
0.000000 0.071429 1.096092
0.000000 0.089286 1.089756
0.000000 0.107143 1.076264
0.000000 0.125000 1.058678
0.000000 0.142857 0.715397
0.000000 0.160714 0.706433
0.000000 0.178571 0.698029
0.000000 0.196429 0.690171
0.000000 0.214286 0.682846
0.000000 0.232143 0.676038
0.000000 0.250000 0.669733
0.000000 0.267857 0.663917
0.000000 0.285714 0.658575
0.000000 0.303571 0.653696
0.000000 0.321429 0.649270
0.000000 0.339286 0.645291
0.000000 0.357143 0.641753
0.000000 0.375000 0.638649
0.000000 0.392857 0.635974
0.000000 0.410714 0.633719
0.000000 0.428571 0.631880
0.000000 0.446429 0.630451
0.000000 0.464286 0.629429
0.000000 0.482143 0.628817
0.000000 0.500000 0.628612
0.000000 0.517857 0.628817
0.000000 0.535714 0.629429
0.000000 0.553571 0.630451
0.000000 0.571429 0.631880
0.000000 0.589286 0.633719
0.000000 0.607143 0.635974
0.000000 0.625000 0.638649
0.000000 0.642857 0.641753
0.000000 0.660714 0.645291
0.000000 0.678571 0.649270
0.000000 0.696429 0.653696
0.000000 0.714286 0.658575
0.000000 0.732143 0.663917
0.000000 0.750000 0.669733
0.000000 0.767857 0.676038
0.000000 0.785714 0.682846
0.000000 0.803571 0.690171
0.000000 0.821429 0.698029
0.000000 0.839286 0.706433
0.000000 0.857143 0.715397
0.000000 0.875000 0.724631
0.000000 0.892857 0.732621
0.000000 0.910714 0.737551
0.000000 0.928571 0.737601
0.000000 0.946429 0.730953
0.000000 0.964286 0.715791
0.000000 0.982143 0.690295
0.017857 0.000000 1.041527
0.017857 0.017857 1.095788
0.017857 0.035714 1.129235
0.017857 0.053571 1.145208
0.017857 0.071429 1.147047
0.017857 0.089286 1.138092
0.017857 0.107143 1.121683
0.017857 0.125000 1.101158
0.017857 0.142857 0.756664
0.017857 0.160714 0.747183
0.017857 0.178571 0.738294
0.017857 0.196429 0.729983
0.017857 0.214286 0.722235
0.017857 0.232143 0.715034
0.017857 0.250000 0.708366
0.017857 0.267857 0.702214
0.017857 0.285714 0.696565
0.017857 0.303571 0.691403
0.017857 0.321429 0.686722
0.017857 0.339286 0.682514
0.017857 0.357143 0.678772
0.017857 0.375000 0.675489
0.017857 0.392857 0.672659
0.017857 0.410714 0.670275
0.017857 0.428571 0.668330
0.017857 0.446429 0.666817
0.017857 0.464286 0.665737
0.017857 0.482143 0.665089
0.017857 0.500000 0.664873
0.017857 0.517857 0.665089
0.017857 0.535714 0.665737
0.017857 0.553571 0.666817
0.017857 0.571429 0.668330
0.017857 0.589286 0.670275
0.017857 0.607143 0.672659
0.017857 0.625000 0.675489
0.017857 0.642857 0.678772
0.017857 0.660714 0.682514
0.017857 0.678571 0.686722
0.017857 0.696429 0.691403
0.017857 0.714286 0.696565
0.017857 0.732143 0.702214
0.017857 0.750000 0.708366
0.017857 0.767857 0.715034
0.017857 0.785714 0.722235
0.017857 0.803571 0.729983
0.017857 0.821429 0.738294
0.017857 0.839286 0.747183
0.017857 0.857143 0.756664
0.017857 0.875000 0.766430
0.017857 0.892857 0.774882
0.017857 0.910714 0.780095
0.017857 0.928571 0.780148
0.017857 0.946429 0.773118
0.017857 0.964286 0.757080
0.017857 0.982143 0.730114
0.035714 0.000000 1.075040
0.035714 0.017857 1.129235
0.035714 0.035714 1.161503
0.035714 0.053571 1.175429
0.035714 0.071429 1.174596
0.035714 0.089286 1.162589
0.035714 0.107143 1.142990
0.035714 0.125000 1.119385
0.035714 0.142857 0.784611
0.035714 0.160714 0.774780
0.035714 0.178571 0.765563
0.035714 0.196429 0.756945
0.035714 0.214286 0.748911
0.035714 0.232143 0.741444
0.035714 0.250000 0.734529
0.035714 0.267857 0.728150
0.035714 0.285714 0.722292
0.035714 0.303571 0.716940
0.035714 0.321429 0.712086
0.035714 0.339286 0.707722
0.035714 0.357143 0.703842
0.035714 0.375000 0.700438
0.035714 0.392857 0.697504
0.035714 0.410714 0.695031
0.035714 0.428571 0.693014
0.035714 0.446429 0.691446
0.035714 0.464286 0.690326
0.035714 0.482143 0.689654
0.035714 0.500000 0.689430
0.035714 0.517857 0.689654
0.035714 0.535714 0.690326
0.035714 0.553571 0.691446
0.035714 0.571429 0.693014
0.035714 0.589286 0.695031
0.035714 0.607143 0.697504
0.035714 0.625000 0.700438
0.035714 0.642857 0.703842
0.035714 0.660714 0.707722
0.035714 0.678571 0.712086
0.035714 0.696429 0.716940
0.035714 0.714286 0.722292
0.035714 0.732143 0.728150
0.035714 0.750000 0.734529
0.035714 0.767857 0.741444
0.035714 0.785714 0.748911
0.035714 0.803571 0.756945
0.035714 0.821429 0.765563
0.035714 0.839286 0.774780
0.035714 0.857143 0.784611
0.035714 0.875000 0.794738
0.035714 0.892857 0.803502
0.035714 0.910714 0.808908
0.035714 0.928571 0.808963
0.035714 0.946429 0.801673
0.035714 0.964286 0.785043
0.035714 0.982143 0.757080
0.053571 0.000000 1.092207
0.053571 0.017857 1.145208
0.053571 0.035714 1.175429
0.053571 0.053571 1.186667
0.053571 0.071429 1.182717
0.053571 0.089286 1.167376
0.053571 0.107143 1.144441
0.053571 0.125000 1.117708
0.053571 0.142857 0.801232
0.053571 0.160714 0.791192
0.053571 0.178571 0.781780
0.053571 0.196429 0.772979
0.053571 0.214286 0.764775
0.053571 0.232143 0.757150
0.053571 0.250000 0.750089
0.053571 0.267857 0.743575
0.053571 0.285714 0.737593
0.053571 0.303571 0.732127
0.053571 0.321429 0.727170
0.053571 0.339286 0.722714
0.053571 0.357143 0.718752
0.053571 0.375000 0.715276
0.053571 0.392857 0.712279
0.053571 0.410714 0.709754
0.053571 0.428571 0.707694
0.053571 0.446429 0.706093
0.053571 0.464286 0.704949
0.053571 0.482143 0.704263
0.053571 0.500000 0.704034
0.053571 0.517857 0.704263
0.053571 0.535714 0.704949
0.053571 0.553571 0.706093
0.053571 0.571429 0.707694
0.053571 0.589286 0.709754
0.053571 0.607143 0.712279
0.053571 0.625000 0.715276
0.053571 0.642857 0.718752
0.053571 0.660714 0.722714
0.053571 0.678571 0.727170
0.053571 0.696429 0.732127
0.053571 0.714286 0.737593
0.053571 0.732143 0.743575
0.053571 0.750000 0.750089
0.053571 0.767857 0.757150
0.053571 0.785714 0.764775
0.053571 0.803571 0.772979
0.053571 0.821429 0.781780
0.053571 0.839286 0.791192
0.053571 0.857143 0.801232
0.053571 0.875000 0.811573
0.053571 0.892857 0.820522
0.053571 0.910714 0.826043
0.053571 0.928571 0.826099
0.053571 0.946429 0.818654
0.053571 0.964286 0.801673
0.053571 0.982143 0.773118
0.071429 0.000000 1.096092
0.071429 0.017857 1.147047
0.071429 0.035714 1.174596
0.071429 0.053571 1.182717
0.071429 0.071429 1.175387
0.071429 0.089286 1.156585
0.071429 0.107143 1.130289
0.071429 0.125000 1.100476
0.071429 0.142857 0.808518
0.071429 0.160714 0.798387
0.071429 0.178571 0.788889
0.071429 0.196429 0.780009
0.071429 0.214286 0.771730
0.071429 0.232143 0.764035
0.071429 0.250000 0.756910
0.071429 0.267857 0.750337
0.071429 0.285714 0.744300
0.071429 0.303571 0.738785
0.071429 0.321429 0.733783
0.071429 0.339286 0.729286
0.071429 0.357143 0.725288
0.071429 0.375000 0.721780
0.071429 0.392857 0.718756
0.071429 0.410714 0.716209
0.071429 0.428571 0.714130
0.071429 0.446429 0.712514
0.071429 0.464286 0.711360
0.071429 0.482143 0.710668
0.071429 0.500000 0.710437
0.071429 0.517857 0.710668
0.071429 0.535714 0.711360
0.071429 0.553571 0.712514
0.071429 0.571429 0.714130
0.071429 0.589286 0.716209
0.071429 0.607143 0.718756
0.071429 0.625000 0.721780
0.071429 0.642857 0.725288
0.071429 0.660714 0.729286
0.071429 0.678571 0.733783
0.071429 0.696429 0.738785
0.071429 0.714286 0.744300
0.071429 0.732143 0.750337
0.071429 0.750000 0.756910
0.071429 0.767857 0.764035
0.071429 0.785714 0.771730
0.071429 0.803571 0.780009
0.071429 0.821429 0.788889
0.071429 0.839286 0.798387
0.071429 0.857143 0.808518
0.071429 0.875000 0.818954
0.071429 0.892857 0.827984
0.071429 0.910714 0.833555
0.071429 0.928571 0.833612
0.071429 0.946429 0.826099
0.071429 0.964286 0.808963
0.071429 0.982143 0.780148
0.089286 0.000000 1.089756
0.089286 0.017857 1.138092
0.089286 0.035714 1.162589
0.089286 0.053571 1.167376
0.089286 0.071429 1.156585
0.089286 0.089286 1.134345
0.089286 0.107143 1.104787
0.089286 0.125000 1.072041
0.089286 0.142857 0.808463
0.089286 0.160714 0.798333
0.089286 0.178571 0.788836
0.089286 0.196429 0.779956
0.089286 0.214286 0.771677
0.089286 0.232143 0.763983
0.089286 0.250000 0.756858
0.089286 0.267857 0.750286
0.089286 0.285714 0.744250
0.089286 0.303571 0.738735
0.089286 0.321429 0.733733
0.089286 0.339286 0.729237
0.089286 0.357143 0.725239
0.089286 0.375000 0.721731
0.089286 0.392857 0.718708
0.089286 0.410714 0.716160
0.089286 0.428571 0.714082
0.089286 0.446429 0.712466
0.089286 0.464286 0.711312
0.089286 0.482143 0.710619
0.089286 0.500000 0.710389
0.089286 0.517857 0.710619
0.089286 0.535714 0.711312
0.089286 0.553571 0.712466
0.089286 0.571429 0.714082
0.089286 0.589286 0.716160
0.089286 0.607143 0.718708
0.089286 0.625000 0.721731
0.089286 0.642857 0.725239
0.089286 0.660714 0.729237
0.089286 0.678571 0.733733
0.089286 0.696429 0.738735
0.089286 0.714286 0.744250
0.089286 0.732143 0.750286
0.089286 0.750000 0.756858
0.089286 0.767857 0.763983
0.089286 0.785714 0.771677
0.089286 0.803571 0.779956
0.089286 0.821429 0.788836
0.089286 0.839286 0.798333
0.089286 0.857143 0.808463
0.089286 0.875000 0.818898
0.089286 0.892857 0.827928
0.089286 0.910714 0.833499
0.089286 0.928571 0.833555
0.089286 0.946429 0.826043
0.089286 0.964286 0.808908
0.089286 0.982143 0.780095
0.107143 0.000000 1.076264
0.107143 0.017857 1.121683
0.107143 0.035714 1.142990
0.107143 0.053571 1.144441
0.107143 0.071429 1.130289
0.107143 0.089286 1.104787
0.107143 0.107143 1.072190
0.107143 0.125000 1.036752
0.107143 0.142857 0.803060
0.107143 0.160714 0.792997
0.107143 0.178571 0.783564
0.107143 0.196429 0.774743
0.107143 0.214286 0.766520
0.107143 0.232143 0.758877
0.107143 0.250000 0.751800
0.107143 0.267857 0.745271
0.107143 0.285714 0.739275
0.107143 0.303571 0.733798
0.107143 0.321429 0.728829
0.107143 0.339286 0.724363
0.107143 0.357143 0.720392
0.107143 0.375000 0.716908
0.107143 0.392857 0.713904
0.107143 0.410714 0.711374
0.107143 0.428571 0.709309
0.107143 0.446429 0.707704
0.107143 0.464286 0.706558
0.107143 0.482143 0.705870
0.107143 0.500000 0.705641
0.107143 0.517857 0.705870
0.107143 0.535714 0.706558
0.107143 0.553571 0.707704
0.107143 0.571429 0.709309
0.107143 0.589286 0.711374
0.107143 0.607143 0.713904
0.107143 0.625000 0.716908
0.107143 0.642857 0.720392
0.107143 0.660714 0.724363
0.107143 0.678571 0.728829
0.107143 0.696429 0.733798
0.107143 0.714286 0.739275
0.107143 0.732143 0.745271
0.107143 0.750000 0.751800
0.107143 0.767857 0.758877
0.107143 0.785714 0.766520
0.107143 0.803571 0.774743
0.107143 0.821429 0.783564
0.107143 0.839286 0.792997
0.107143 0.857143 0.803060
0.107143 0.875000 0.813425
0.107143 0.892857 0.822395
0.107143 0.910714 0.827928
0.107143 0.928571 0.827984
0.107143 0.946429 0.820522
0.107143 0.964286 0.803502
0.107143 0.982143 0.774882
0.125000 0.000000 1.058678
0.125000 0.017857 1.101158
0.125000 0.035714 1.119385
0.125000 0.053571 1.117708
0.125000 0.071429 1.100476
0.125000 0.089286 1.072041
0.125000 0.107143 1.036752
0.125000 0.125000 0.998959
0.125000 0.142857 0.794301
0.125000 0.160714 0.784348
0.125000 0.178571 0.775017
0.125000 0.196429 0.766293
0.125000 0.214286 0.758160
0.125000 0.232143 0.750601
0.125000 0.250000 0.743600
0.125000 0.267857 0.737143
0.125000 0.285714 0.731212
0.125000 0.303571 0.725794
0.125000 0.321429 0.720880
0.125000 0.339286 0.716463
0.125000 0.357143 0.712534
0.125000 0.375000 0.709089
0.125000 0.392857 0.706118
0.125000 0.410714 0.703615
0.125000 0.428571 0.701573
0.125000 0.446429 0.699985
0.125000 0.464286 0.698852
0.125000 0.482143 0.698171
0.125000 0.500000 0.697945
0.125000 0.517857 0.698171
0.125000 0.535714 0.698852
0.125000 0.553571 0.699985
0.125000 0.571429 0.701573
0.125000 0.589286 0.703615
0.125000 0.607143 0.706118
0.125000 0.625000 0.709089
0.125000 0.642857 0.712534
0.125000 0.660714 0.716463
0.125000 0.678571 0.720880
0.125000 0.696429 0.725794
0.125000 0.714286 0.731212
0.125000 0.732143 0.737143
0.125000 0.750000 0.743600
0.125000 0.767857 0.750601
0.125000 0.785714 0.758160
0.125000 0.803571 0.766293
0.125000 0.821429 0.775017
0.125000 0.839286 0.784348
0.125000 0.857143 0.794301
0.125000 0.875000 0.804553
0.125000 0.892857 0.813425
0.125000 0.910714 0.818898
0.125000 0.928571 0.818954
0.125000 0.946429 0.811573
0.125000 0.964286 0.794738
0.125000 0.982143 0.766430
0.142857 0.000000 0.715397
0.142857 0.017857 0.756664
0.142857 0.035714 0.784611
0.142857 0.053571 0.801232
0.142857 0.071429 0.808518
0.142857 0.089286 0.808463
0.142857 0.107143 0.803060
0.142857 0.125000 0.794301
0.142857 0.142857 0.784179
0.142857 0.160714 0.774353
0.142857 0.178571 0.765142
0.142857 0.196429 0.756529
0.142857 0.214286 0.748499
0.142857 0.232143 0.741036
0.142857 0.250000 0.734125
0.142857 0.267857 0.727750
0.142857 0.285714 0.721895
0.142857 0.303571 0.716546
0.142857 0.321429 0.711694
0.142857 0.339286 0.707333
0.142857 0.357143 0.703455
0.142857 0.375000 0.700053
0.142857 0.392857 0.697120
0.142857 0.410714 0.694649
0.142857 0.428571 0.692633
0.142857 0.446429 0.691066
0.142857 0.464286 0.689946
0.142857 0.482143 0.689275
0.142857 0.500000 0.689051
0.142857 0.517857 0.689275
0.142857 0.535714 0.689946
0.142857 0.553571 0.691066
0.142857 0.571429 0.692633
0.142857 0.589286 0.694649
0.142857 0.607143 0.697120
0.142857 0.625000 0.700053
0.142857 0.642857 0.703455
0.142857 0.660714 0.707333
0.142857 0.678571 0.711694
0.142857 0.696429 0.716546
0.142857 0.714286 0.721895
0.142857 0.732143 0.727750
0.142857 0.750000 0.734125
0.142857 0.767857 0.741036
0.142857 0.785714 0.748499
0.142857 0.803571 0.756529
0.142857 0.821429 0.765142
0.142857 0.839286 0.774353
0.142857 0.857143 0.784179
0.142857 0.875000 0.794301
0.142857 0.892857 0.803060
0.142857 0.910714 0.808463
0.142857 0.928571 0.808518
0.142857 0.946429 0.801232
0.142857 0.964286 0.784611
0.142857 0.982143 0.756664
0.160714 0.000000 0.706433
0.160714 0.017857 0.747183
0.160714 0.035714 0.774780
0.160714 0.053571 0.791192
0.160714 0.071429 0.798387
0.160714 0.089286 0.798333
0.160714 0.107143 0.792997
0.160714 0.125000 0.784348
0.160714 0.142857 0.774353
0.160714 0.160714 0.764650
0.160714 0.178571 0.755554
0.160714 0.196429 0.747049
0.160714 0.214286 0.739120
0.160714 0.232143 0.731750
0.160714 0.250000 0.724926
0.160714 0.267857 0.718631
0.160714 0.285714 0.712849
0.160714 0.303571 0.707567
0.160714 0.321429 0.702776
0.160714 0.339286 0.698470
0.160714 0.357143 0.694640
0.160714 0.375000 0.691281
0.160714 0.392857 0.688385
0.160714 0.410714 0.685945
0.160714 0.428571 0.683954
0.160714 0.446429 0.682406
0.160714 0.464286 0.681301
0.160714 0.482143 0.680638
0.160714 0.500000 0.680417
0.160714 0.517857 0.680638
0.160714 0.535714 0.681301
0.160714 0.553571 0.682406
0.160714 0.571429 0.683954
0.160714 0.589286 0.685945
0.160714 0.607143 0.688385
0.160714 0.625000 0.691281
0.160714 0.642857 0.694640
0.160714 0.660714 0.698470
0.160714 0.678571 0.702776
0.160714 0.696429 0.707567
0.160714 0.714286 0.712849
0.160714 0.732143 0.718631
0.160714 0.750000 0.724926
0.160714 0.767857 0.731750
0.160714 0.785714 0.739120
0.160714 0.803571 0.747049
0.160714 0.821429 0.755554
0.160714 0.839286 0.764650
0.160714 0.857143 0.774353
0.160714 0.875000 0.784348
0.160714 0.892857 0.792997
0.160714 0.910714 0.798333
0.160714 0.928571 0.798387
0.160714 0.946429 0.791192
0.160714 0.964286 0.774780
0.160714 0.982143 0.747183
0.178571 0.000000 0.698029
0.178571 0.017857 0.738294
0.178571 0.035714 0.765563
0.178571 0.053571 0.781780
0.178571 0.071429 0.788889
0.178571 0.089286 0.788836
0.178571 0.107143 0.783564
0.178571 0.125000 0.775017
0.178571 0.142857 0.765142
0.178571 0.160714 0.755554
0.178571 0.178571 0.746566
0.178571 0.196429 0.738162
0.178571 0.214286 0.730327
0.178571 0.232143 0.723045
0.178571 0.250000 0.716302
0.178571 0.267857 0.710082
0.178571 0.285714 0.704369
0.178571 0.303571 0.699150
0.178571 0.321429 0.694416
0.178571 0.339286 0.690161
0.178571 0.357143 0.686377
0.178571 0.375000 0.683057
0.178571 0.392857 0.680196
0.178571 0.410714 0.677785
0.178571 0.428571 0.675818
0.178571 0.446429 0.674288
0.178571 0.464286 0.673196
0.178571 0.482143 0.672541
0.178571 0.500000 0.672322
0.178571 0.517857 0.672541
0.178571 0.535714 0.673196
0.178571 0.553571 0.674288
0.178571 0.571429 0.675818
0.178571 0.589286 0.677785
0.178571 0.607143 0.680196
0.178571 0.625000 0.683057
0.178571 0.642857 0.686377
0.178571 0.660714 0.690161
0.178571 0.678571 0.694416
0.178571 0.696429 0.699150
0.178571 0.714286 0.704369
0.178571 0.732143 0.710082
0.178571 0.750000 0.716302
0.178571 0.767857 0.723045
0.178571 0.785714 0.730327
0.178571 0.803571 0.738162
0.178571 0.821429 0.746566
0.178571 0.839286 0.755554
0.178571 0.857143 0.765142
0.178571 0.875000 0.775017
0.178571 0.892857 0.783564
0.178571 0.910714 0.788836
0.178571 0.928571 0.788889
0.178571 0.946429 0.781780
0.178571 0.964286 0.765563
0.178571 0.982143 0.738294
0.196429 0.000000 0.690171
0.196429 0.017857 0.729983
0.196429 0.035714 0.756945
0.196429 0.053571 0.772979
0.196429 0.071429 0.780009
0.196429 0.089286 0.779956
0.196429 0.107143 0.774743
0.196429 0.125000 0.766293
0.196429 0.142857 0.756529
0.196429 0.160714 0.747049
0.196429 0.178571 0.738162
0.196429 0.196429 0.729853
0.196429 0.214286 0.722106
0.196429 0.232143 0.714906
0.196429 0.250000 0.708239
0.196429 0.267857 0.702089
0.196429 0.285714 0.696440
0.196429 0.303571 0.691280
0.196429 0.321429 0.686599
0.196429 0.339286 0.682392
0.196429 0.357143 0.678650
0.196429 0.375000 0.675368
0.196429 0.392857 0.672539
0.196429 0.410714 0.670155
0.196429 0.428571 0.668210
0.196429 0.446429 0.666698
0.196429 0.464286 0.665618
0.196429 0.482143 0.664970
0.196429 0.500000 0.664754
0.196429 0.517857 0.664970
0.196429 0.535714 0.665618
0.196429 0.553571 0.666698
0.196429 0.571429 0.668210
0.196429 0.589286 0.670155
0.196429 0.607143 0.672539
0.196429 0.625000 0.675368
0.196429 0.642857 0.678650
0.196429 0.660714 0.682392
0.196429 0.678571 0.686599
0.196429 0.696429 0.691280
0.196429 0.714286 0.696440
0.196429 0.732143 0.702089
0.196429 0.750000 0.708239
0.196429 0.767857 0.714906
0.196429 0.785714 0.722106
0.196429 0.803571 0.729853
0.196429 0.821429 0.738162
0.196429 0.839286 0.747049
0.196429 0.857143 0.756529
0.196429 0.875000 0.766293
0.196429 0.892857 0.774743
0.196429 0.910714 0.779956
0.196429 0.928571 0.780009
0.196429 0.946429 0.772979
0.196429 0.964286 0.756945
0.196429 0.982143 0.729983
0.214286 0.000000 0.682846
0.214286 0.017857 0.722235
0.214286 0.035714 0.748911
0.214286 0.053571 0.764775
0.214286 0.071429 0.771730
0.214286 0.089286 0.771677
0.214286 0.107143 0.766520
0.214286 0.125000 0.758160
0.214286 0.142857 0.748499
0.214286 0.160714 0.739120
0.214286 0.178571 0.730327
0.214286 0.196429 0.722106
0.214286 0.214286 0.714441
0.214286 0.232143 0.707318
0.214286 0.250000 0.700722
0.214286 0.267857 0.694636
0.214286 0.285714 0.689048
0.214286 0.303571 0.683942
0.214286 0.321429 0.679311
0.214286 0.339286 0.675149
0.214286 0.357143 0.671447
0.214286 0.375000 0.668200
0.214286 0.392857 0.665400
0.214286 0.410714 0.663042
0.214286 0.428571 0.661118
0.214286 0.446429 0.659622
0.214286 0.464286 0.658553
0.214286 0.482143 0.657912
0.214286 0.500000 0.657698
0.214286 0.517857 0.657912
0.214286 0.535714 0.658553
0.214286 0.553571 0.659622
0.214286 0.571429 0.661118
0.214286 0.589286 0.663042
0.214286 0.607143 0.665400
0.214286 0.625000 0.668200
0.214286 0.642857 0.671447
0.214286 0.660714 0.675149
0.214286 0.678571 0.679311
0.214286 0.696429 0.683942
0.214286 0.714286 0.689048
0.214286 0.732143 0.694636
0.214286 0.750000 0.700722
0.214286 0.767857 0.707318
0.214286 0.785714 0.714441
0.214286 0.803571 0.722106
0.214286 0.821429 0.730327
0.214286 0.839286 0.739120
0.214286 0.857143 0.748499
0.214286 0.875000 0.758160
0.214286 0.892857 0.766520
0.214286 0.910714 0.771677
0.214286 0.928571 0.771730
0.214286 0.946429 0.764775
0.214286 0.964286 0.748911
0.214286 0.982143 0.722235
0.232143 0.000000 0.676038
0.232143 0.017857 0.715034
0.232143 0.035714 0.741444
0.232143 0.053571 0.757150
0.232143 0.071429 0.764035
0.232143 0.089286 0.763983
0.232143 0.107143 0.758877
0.232143 0.125000 0.750601
0.232143 0.142857 0.741036
0.232143 0.160714 0.731750
0.232143 0.178571 0.723045
0.232143 0.196429 0.714906
0.232143 0.214286 0.707318
0.232143 0.232143 0.700266
0.232143 0.250000 0.693735
0.232143 0.267857 0.687711
0.232143 0.285714 0.682178
0.232143 0.303571 0.677123
0.232143 0.321429 0.672539
0.232143 0.339286 0.668417
0.232143 0.357143 0.664753
0.232143 0.375000 0.661538
0.232143 0.392857 0.658766
0.232143 0.410714 0.656431
0.232143 0.428571 0.654526
0.232143 0.446429 0.653045
0.232143 0.464286 0.651987
0.232143 0.482143 0.651353
0.232143 0.500000 0.651141
0.232143 0.517857 0.651353
0.232143 0.535714 0.651987
0.232143 0.553571 0.653045
0.232143 0.571429 0.654526
0.232143 0.589286 0.656431
0.232143 0.607143 0.658766
0.232143 0.625000 0.661538
0.232143 0.642857 0.664753
0.232143 0.660714 0.668417
0.232143 0.678571 0.672539
0.232143 0.696429 0.677123
0.232143 0.714286 0.682178
0.232143 0.732143 0.687711
0.232143 0.750000 0.693735
0.232143 0.767857 0.700266
0.232143 0.785714 0.707318
0.232143 0.803571 0.714906
0.232143 0.821429 0.723045
0.232143 0.839286 0.731750
0.232143 0.857143 0.741036
0.232143 0.875000 0.750601
0.232143 0.892857 0.758877
0.232143 0.910714 0.763983
0.232143 0.928571 0.764035
0.232143 0.946429 0.757150
0.232143 0.964286 0.741444
0.232143 0.982143 0.715034
0.250000 0.000000 0.669733
0.250000 0.017857 0.708366
0.250000 0.035714 0.734529
0.250000 0.053571 0.750089
0.250000 0.071429 0.756910
0.250000 0.089286 0.756858
0.250000 0.107143 0.751800
0.250000 0.125000 0.743600
0.250000 0.142857 0.734125
0.250000 0.160714 0.724926
0.250000 0.178571 0.716302
0.250000 0.196429 0.708239
0.250000 0.214286 0.700722
0.250000 0.232143 0.693735
0.250000 0.250000 0.687265
0.250000 0.267857 0.681297
0.250000 0.285714 0.675816
0.250000 0.303571 0.670808
0.250000 0.321429 0.666266
0.250000 0.339286 0.662183
0.250000 0.357143 0.658553
0.250000 0.375000 0.655368
0.250000 0.392857 0.652622
0.250000 0.410714 0.650309
0.250000 0.428571 0.648422
0.250000 0.446429 0.646955
0.250000 0.464286 0.645907
0.250000 0.482143 0.645278
0.250000 0.500000 0.645068
0.250000 0.517857 0.645278
0.250000 0.535714 0.645907
0.250000 0.553571 0.646955
0.250000 0.571429 0.648422
0.250000 0.589286 0.650309
0.250000 0.607143 0.652622
0.250000 0.625000 0.655368
0.250000 0.642857 0.658553
0.250000 0.660714 0.662183
0.250000 0.678571 0.666266
0.250000 0.696429 0.670808
0.250000 0.714286 0.675816
0.250000 0.732143 0.681297
0.250000 0.750000 0.687265
0.250000 0.767857 0.693735
0.250000 0.785714 0.700722
0.250000 0.803571 0.708239
0.250000 0.821429 0.716302
0.250000 0.839286 0.724926
0.250000 0.857143 0.734125
0.250000 0.875000 0.743600
0.250000 0.892857 0.751800
0.250000 0.910714 0.756858
0.250000 0.928571 0.756910
0.250000 0.946429 0.750089
0.250000 0.964286 0.734529
0.250000 0.982143 0.708366
0.267857 0.000000 0.663917
0.267857 0.017857 0.702214
0.267857 0.035714 0.728150
0.267857 0.053571 0.743575
0.267857 0.071429 0.750337
0.267857 0.089286 0.750286
0.267857 0.107143 0.745271
0.267857 0.125000 0.737143
0.267857 0.142857 0.727750
0.267857 0.160714 0.718631
0.267857 0.178571 0.710082
0.267857 0.196429 0.702089
0.267857 0.214286 0.694636
0.267857 0.232143 0.687711
0.267857 0.250000 0.681297
0.267857 0.267857 0.675381
0.267857 0.285714 0.669947
0.267857 0.303571 0.664983
0.267857 0.321429 0.660481
0.267857 0.339286 0.656433
0.267857 0.357143 0.652834
0.267857 0.375000 0.649677
0.267857 0.392857 0.646955
0.267857 0.410714 0.644662
0.267857 0.428571 0.642791
0.267857 0.446429 0.641337
0.267857 0.464286 0.640298
0.267857 0.482143 0.639674
0.267857 0.500000 0.639467
0.267857 0.517857 0.639674
0.267857 0.535714 0.640298
0.267857 0.553571 0.641337
0.267857 0.571429 0.642791
0.267857 0.589286 0.644662
0.267857 0.607143 0.646955
0.267857 0.625000 0.649677
0.267857 0.642857 0.652834
0.267857 0.660714 0.656433
0.267857 0.678571 0.660481
0.267857 0.696429 0.664983
0.267857 0.714286 0.669947
0.267857 0.732143 0.675381
0.267857 0.750000 0.681297
0.267857 0.767857 0.687711
0.267857 0.785714 0.694636
0.267857 0.803571 0.702089
0.267857 0.821429 0.710082
0.267857 0.839286 0.718631
0.267857 0.857143 0.727750
0.267857 0.875000 0.737143
0.267857 0.892857 0.745271
0.267857 0.910714 0.750286
0.267857 0.928571 0.750337
0.267857 0.946429 0.743575
0.267857 0.964286 0.728150
0.267857 0.982143 0.702214
0.285714 0.000000 0.658575
0.285714 0.017857 0.696565
0.285714 0.035714 0.722292
0.285714 0.053571 0.737593
0.285714 0.071429 0.744300
0.285714 0.089286 0.744250
0.285714 0.107143 0.739275
0.285714 0.125000 0.731212
0.285714 0.142857 0.721895
0.285714 0.160714 0.712849
0.285714 0.178571 0.704369
0.285714 0.196429 0.696440
0.285714 0.214286 0.689048
0.285714 0.232143 0.682178
0.285714 0.250000 0.675816
0.285714 0.267857 0.669947
0.285714 0.285714 0.664557
0.285714 0.303571 0.659633
0.285714 0.321429 0.655167
0.285714 0.339286 0.651152
0.285714 0.357143 0.647582
0.285714 0.375000 0.644450
0.285714 0.392857 0.641750
0.285714 0.410714 0.639475
0.285714 0.428571 0.637620
0.285714 0.446429 0.636177
0.285714 0.464286 0.635146
0.285714 0.482143 0.634528
0.285714 0.500000 0.634322
0.285714 0.517857 0.634528
0.285714 0.535714 0.635146
0.285714 0.553571 0.636177
0.285714 0.571429 0.637620
0.285714 0.589286 0.639475
0.285714 0.607143 0.641750
0.285714 0.625000 0.644450
0.285714 0.642857 0.647582
0.285714 0.660714 0.651152
0.285714 0.678571 0.655167
0.285714 0.696429 0.659633
0.285714 0.714286 0.664557
0.285714 0.732143 0.669947
0.285714 0.750000 0.675816
0.285714 0.767857 0.682178
0.285714 0.785714 0.689048
0.285714 0.803571 0.696440
0.285714 0.821429 0.704369
0.285714 0.839286 0.712849
0.285714 0.857143 0.721895
0.285714 0.875000 0.731212
0.285714 0.892857 0.739275
0.285714 0.910714 0.744250
0.285714 0.928571 0.744300
0.285714 0.946429 0.737593
0.285714 0.964286 0.722292
0.285714 0.982143 0.696565
0.303571 0.000000 0.653696
0.303571 0.017857 0.691403
0.303571 0.035714 0.716940
0.303571 0.053571 0.732127
0.303571 0.071429 0.738785
0.303571 0.089286 0.738735
0.303571 0.107143 0.733798
0.303571 0.125000 0.725794
0.303571 0.142857 0.716546
0.303571 0.160714 0.707567
0.303571 0.178571 0.699150
0.303571 0.196429 0.691280
0.303571 0.214286 0.683942
0.303571 0.232143 0.677123
0.303571 0.250000 0.670808
0.303571 0.267857 0.664983
0.303571 0.285714 0.659633
0.303571 0.303571 0.654745
0.303571 0.321429 0.650312
0.303571 0.339286 0.646327
0.303571 0.357143 0.642783
0.303571 0.375000 0.639675
0.303571 0.392857 0.636995
0.303571 0.410714 0.634737
0.303571 0.428571 0.632895
0.303571 0.446429 0.631463
0.303571 0.464286 0.630440
0.303571 0.482143 0.629826
0.303571 0.500000 0.629622
0.303571 0.517857 0.629826
0.303571 0.535714 0.630440
0.303571 0.553571 0.631463
0.303571 0.571429 0.632895
0.303571 0.589286 0.634737
0.303571 0.607143 0.636995
0.303571 0.625000 0.639675
0.303571 0.642857 0.642783
0.303571 0.660714 0.646327
0.303571 0.678571 0.650312
0.303571 0.696429 0.654745
0.303571 0.714286 0.659633
0.303571 0.732143 0.664983
0.303571 0.750000 0.670808
0.303571 0.767857 0.677123
0.303571 0.785714 0.683942
0.303571 0.803571 0.691280
0.303571 0.821429 0.699150
0.303571 0.839286 0.707567
0.303571 0.857143 0.716546
0.303571 0.875000 0.725794
0.303571 0.892857 0.733798
0.303571 0.910714 0.738735
0.303571 0.928571 0.738785
0.303571 0.946429 0.732127
0.303571 0.964286 0.716940
0.303571 0.982143 0.691403
0.321429 0.000000 0.649270
0.321429 0.017857 0.686722
0.321429 0.035714 0.712086
0.321429 0.053571 0.727170
0.321429 0.071429 0.733783
0.321429 0.089286 0.733733
0.321429 0.107143 0.728829
0.321429 0.125000 0.720880
0.321429 0.142857 0.711694
0.321429 0.160714 0.702776
0.321429 0.178571 0.694416
0.321429 0.196429 0.686599
0.321429 0.214286 0.679311
0.321429 0.232143 0.672539
0.321429 0.250000 0.666266
0.321429 0.267857 0.660481
0.321429 0.285714 0.655167
0.321429 0.303571 0.650312
0.321429 0.321429 0.645909
0.321429 0.339286 0.641951
0.321429 0.357143 0.638431
0.321429 0.375000 0.635344
0.321429 0.392857 0.632682
0.321429 0.410714 0.630439
0.321429 0.428571 0.628610
0.321429 0.446429 0.627187
0.321429 0.464286 0.626171
0.321429 0.482143 0.625562
0.321429 0.500000 0.625359
0.321429 0.517857 0.625562
0.321429 0.535714 0.626171
0.321429 0.553571 0.627187
0.321429 0.571429 0.628610
0.321429 0.589286 0.630439
0.321429 0.607143 0.632682
0.321429 0.625000 0.635344
0.321429 0.642857 0.638431
0.321429 0.660714 0.641951
0.321429 0.678571 0.645909
0.321429 0.696429 0.650312
0.321429 0.714286 0.655167
0.321429 0.732143 0.660481
0.321429 0.750000 0.666266
0.321429 0.767857 0.672539
0.321429 0.785714 0.679311
0.321429 0.803571 0.686599
0.321429 0.821429 0.694416
0.321429 0.839286 0.702776
0.321429 0.857143 0.711694
0.321429 0.875000 0.720880
0.321429 0.892857 0.728829
0.321429 0.910714 0.733733
0.321429 0.928571 0.733783
0.321429 0.946429 0.727170
0.321429 0.964286 0.712086
0.321429 0.982143 0.686722
0.339286 0.000000 0.645291
0.339286 0.017857 0.682514
0.339286 0.035714 0.707722
0.339286 0.053571 0.722714
0.339286 0.071429 0.729286
0.339286 0.089286 0.729237
0.339286 0.107143 0.724363
0.339286 0.125000 0.716463
0.339286 0.142857 0.707333
0.339286 0.160714 0.698470
0.339286 0.178571 0.690161
0.339286 0.196429 0.682392
0.339286 0.214286 0.675149
0.339286 0.232143 0.668417
0.339286 0.250000 0.662183
0.339286 0.267857 0.656433
0.339286 0.285714 0.651152
0.339286 0.303571 0.646327
0.339286 0.321429 0.641951
0.339286 0.339286 0.638017
0.339286 0.357143 0.634519
0.339286 0.375000 0.631450
0.339286 0.392857 0.628805
0.339286 0.410714 0.626576
0.339286 0.428571 0.624758
0.339286 0.446429 0.623344
0.339286 0.464286 0.622334
0.339286 0.482143 0.621728
0.339286 0.500000 0.621527
0.339286 0.517857 0.621728
0.339286 0.535714 0.622334
0.339286 0.553571 0.623344
0.339286 0.571429 0.624758
0.339286 0.589286 0.626576
0.339286 0.607143 0.628805
0.339286 0.625000 0.631450
0.339286 0.642857 0.634519
0.339286 0.660714 0.638017
0.339286 0.678571 0.641951
0.339286 0.696429 0.646327
0.339286 0.714286 0.651152
0.339286 0.732143 0.656433
0.339286 0.750000 0.662183
0.339286 0.767857 0.668417
0.339286 0.785714 0.675149
0.339286 0.803571 0.682392
0.339286 0.821429 0.690161
0.339286 0.839286 0.698470
0.339286 0.857143 0.707333
0.339286 0.875000 0.716463
0.339286 0.892857 0.724363
0.339286 0.910714 0.729237
0.339286 0.928571 0.729286
0.339286 0.946429 0.722714
0.339286 0.964286 0.707722
0.339286 0.982143 0.682514
0.357143 0.000000 0.641753
0.357143 0.017857 0.678772
0.357143 0.035714 0.703842
0.357143 0.053571 0.718752
0.357143 0.071429 0.725288
0.357143 0.089286 0.725239
0.357143 0.107143 0.720392
0.357143 0.125000 0.712534
0.357143 0.142857 0.703455
0.357143 0.160714 0.694640
0.357143 0.178571 0.686377
0.357143 0.196429 0.678650
0.357143 0.214286 0.671447
0.357143 0.232143 0.664753
0.357143 0.250000 0.658553
0.357143 0.267857 0.652834
0.357143 0.285714 0.647582
0.357143 0.303571 0.642783
0.357143 0.321429 0.638431
0.357143 0.339286 0.634519
0.357143 0.357143 0.631040
0.357143 0.375000 0.627988
0.357143 0.392857 0.625357
0.357143 0.410714 0.623141
0.357143 0.428571 0.621332
0.357143 0.446429 0.619926
0.357143 0.464286 0.618922
0.357143 0.482143 0.618320
0.357143 0.500000 0.618119
0.357143 0.517857 0.618320
0.357143 0.535714 0.618922
0.357143 0.553571 0.619926
0.357143 0.571429 0.621332
0.357143 0.589286 0.623141
0.357143 0.607143 0.625357
0.357143 0.625000 0.627988
0.357143 0.642857 0.631040
0.357143 0.660714 0.634519
0.357143 0.678571 0.638431
0.357143 0.696429 0.642783
0.357143 0.714286 0.647582
0.357143 0.732143 0.652834
0.357143 0.750000 0.658553
0.357143 0.767857 0.664753
0.357143 0.785714 0.671447
0.357143 0.803571 0.678650
0.357143 0.821429 0.686377
0.357143 0.839286 0.694640
0.357143 0.857143 0.703455
0.357143 0.875000 0.712534
0.357143 0.892857 0.720392
0.357143 0.910714 0.725239
0.357143 0.928571 0.725288
0.357143 0.946429 0.718752
0.357143 0.964286 0.703842
0.357143 0.982143 0.678772
0.375000 0.000000 0.638649
0.375000 0.017857 0.675489
0.375000 0.035714 0.700438
0.375000 0.053571 0.715276
0.375000 0.071429 0.721780
0.375000 0.089286 0.721731
0.375000 0.107143 0.716908
0.375000 0.125000 0.709089
0.375000 0.142857 0.700053
0.375000 0.160714 0.691281
0.375000 0.178571 0.683057
0.375000 0.196429 0.675368
0.375000 0.214286 0.668200
0.375000 0.232143 0.661538
0.375000 0.250000 0.655368
0.375000 0.267857 0.649677
0.375000 0.285714 0.644450
0.375000 0.303571 0.639675
0.375000 0.321429 0.635344
0.375000 0.339286 0.631450
0.375000 0.357143 0.627988
0.375000 0.375000 0.624951
0.375000 0.392857 0.622333
0.375000 0.410714 0.620127
0.375000 0.428571 0.618327
0.375000 0.446429 0.616928
0.375000 0.464286 0.615929
0.375000 0.482143 0.615330
0.375000 0.500000 0.615130
0.375000 0.517857 0.615330
0.375000 0.535714 0.615929
0.375000 0.553571 0.616928
0.375000 0.571429 0.618327
0.375000 0.589286 0.620127
0.375000 0.607143 0.622333
0.375000 0.625000 0.624951
0.375000 0.642857 0.627988
0.375000 0.660714 0.631450
0.375000 0.678571 0.635344
0.375000 0.696429 0.639675
0.375000 0.714286 0.644450
0.375000 0.732143 0.649677
0.375000 0.750000 0.655368
0.375000 0.767857 0.661538
0.375000 0.785714 0.668200
0.375000 0.803571 0.675368
0.375000 0.821429 0.683057
0.375000 0.839286 0.691281
0.375000 0.857143 0.700053
0.375000 0.875000 0.709089
0.375000 0.892857 0.716908
0.375000 0.910714 0.721731
0.375000 0.928571 0.721780
0.375000 0.946429 0.715276
0.375000 0.964286 0.700438
0.375000 0.982143 0.675489
0.392857 0.000000 0.635974
0.392857 0.017857 0.672659
0.392857 0.035714 0.697504
0.392857 0.053571 0.712279
0.392857 0.071429 0.718756
0.392857 0.089286 0.718708
0.392857 0.107143 0.713904
0.392857 0.125000 0.706118
0.392857 0.142857 0.697120
0.392857 0.160714 0.688385
0.392857 0.178571 0.680196
0.392857 0.196429 0.672539
0.392857 0.214286 0.665400
0.392857 0.232143 0.658766
0.392857 0.250000 0.652622
0.392857 0.267857 0.646955
0.392857 0.285714 0.641750
0.392857 0.303571 0.636995
0.392857 0.321429 0.632682
0.392857 0.339286 0.628805
0.392857 0.357143 0.625357
0.392857 0.375000 0.622333
0.392857 0.392857 0.619726
0.392857 0.410714 0.617529
0.392857 0.428571 0.615737
0.392857 0.446429 0.614344
0.392857 0.464286 0.613349
0.392857 0.482143 0.612752
0.392857 0.500000 0.612553
0.392857 0.517857 0.612752
0.392857 0.535714 0.613349
0.392857 0.553571 0.614344
0.392857 0.571429 0.615737
0.392857 0.589286 0.617529
0.392857 0.607143 0.619726
0.392857 0.625000 0.622333
0.392857 0.642857 0.625357
0.392857 0.660714 0.628805
0.392857 0.678571 0.632682
0.392857 0.696429 0.636995
0.392857 0.714286 0.641750
0.392857 0.732143 0.646955
0.392857 0.750000 0.652622
0.392857 0.767857 0.658766
0.392857 0.785714 0.665400
0.392857 0.803571 0.672539
0.392857 0.821429 0.680196
0.392857 0.839286 0.688385
0.392857 0.857143 0.697120
0.392857 0.875000 0.706118
0.392857 0.892857 0.713904
0.392857 0.910714 0.718708
0.392857 0.928571 0.718756
0.392857 0.946429 0.712279
0.392857 0.964286 0.697504
0.392857 0.982143 0.672659
0.410714 0.000000 0.633719
0.410714 0.017857 0.670275
0.410714 0.035714 0.695031
0.410714 0.053571 0.709754
0.410714 0.071429 0.716209
0.410714 0.089286 0.716160
0.410714 0.107143 0.711374
0.410714 0.125000 0.703615
0.410714 0.142857 0.694649
0.410714 0.160714 0.685945
0.410714 0.178571 0.677785
0.410714 0.196429 0.670155
0.410714 0.214286 0.663042
0.410714 0.232143 0.656431
0.410714 0.250000 0.650309
0.410714 0.267857 0.644662
0.410714 0.285714 0.639475
0.410714 0.303571 0.634737
0.410714 0.321429 0.630439
0.410714 0.339286 0.626576
0.410714 0.357143 0.623141
0.410714 0.375000 0.620127
0.410714 0.392857 0.617529
0.410714 0.410714 0.615340
0.410714 0.428571 0.613554
0.410714 0.446429 0.612166
0.410714 0.464286 0.611175
0.410714 0.482143 0.610580
0.410714 0.500000 0.610381
0.410714 0.517857 0.610580
0.410714 0.535714 0.611175
0.410714 0.553571 0.612166
0.410714 0.571429 0.613554
0.410714 0.589286 0.615340
0.410714 0.607143 0.617529
0.410714 0.625000 0.620127
0.410714 0.642857 0.623141
0.410714 0.660714 0.626576
0.410714 0.678571 0.630439
0.410714 0.696429 0.634737
0.410714 0.714286 0.639475
0.410714 0.732143 0.644662
0.410714 0.750000 0.650309
0.410714 0.767857 0.656431
0.410714 0.785714 0.663042
0.410714 0.803571 0.670155
0.410714 0.821429 0.677785
0.410714 0.839286 0.685945
0.410714 0.857143 0.694649
0.410714 0.875000 0.703615
0.410714 0.892857 0.711374
0.410714 0.910714 0.716160
0.410714 0.928571 0.716209
0.410714 0.946429 0.709754
0.410714 0.964286 0.695031
0.410714 0.982143 0.670275
0.428571 0.000000 0.631880
0.428571 0.017857 0.668330
0.428571 0.035714 0.693014
0.428571 0.053571 0.707694
0.428571 0.071429 0.714130
0.428571 0.089286 0.714082
0.428571 0.107143 0.709309
0.428571 0.125000 0.701573
0.428571 0.142857 0.692633
0.428571 0.160714 0.683954
0.428571 0.178571 0.675818
0.428571 0.196429 0.668210
0.428571 0.214286 0.661118
0.428571 0.232143 0.654526
0.428571 0.250000 0.648422
0.428571 0.267857 0.642791
0.428571 0.285714 0.637620
0.428571 0.303571 0.632895
0.428571 0.321429 0.628610
0.428571 0.339286 0.624758
0.428571 0.357143 0.621332
0.428571 0.375000 0.618327
0.428571 0.392857 0.615737
0.428571 0.410714 0.613554
0.428571 0.428571 0.611774
0.428571 0.446429 0.610390
0.428571 0.464286 0.609401
0.428571 0.482143 0.608808
0.428571 0.500000 0.608610
0.428571 0.517857 0.608808
0.428571 0.535714 0.609401
0.428571 0.553571 0.610390
0.428571 0.571429 0.611774
0.428571 0.589286 0.613554
0.428571 0.607143 0.615737
0.428571 0.625000 0.618327
0.428571 0.642857 0.621332
0.428571 0.660714 0.624758
0.428571 0.678571 0.628610
0.428571 0.696429 0.632895
0.428571 0.714286 0.637620
0.428571 0.732143 0.642791
0.428571 0.750000 0.648422
0.428571 0.767857 0.654526
0.428571 0.785714 0.661118
0.428571 0.803571 0.668210
0.428571 0.821429 0.675818
0.428571 0.839286 0.683954
0.428571 0.857143 0.692633
0.428571 0.875000 0.701573
0.428571 0.892857 0.709309
0.428571 0.910714 0.714082
0.428571 0.928571 0.714130
0.428571 0.946429 0.707694
0.428571 0.964286 0.693014
0.428571 0.982143 0.668330
0.446429 0.000000 0.630451
0.446429 0.017857 0.666817
0.446429 0.035714 0.691446
0.446429 0.053571 0.706093
0.446429 0.071429 0.712514
0.446429 0.089286 0.712466
0.446429 0.107143 0.707704
0.446429 0.125000 0.699985
0.446429 0.142857 0.691066
0.446429 0.160714 0.682406
0.446429 0.178571 0.674288
0.446429 0.196429 0.666698
0.446429 0.214286 0.659622
0.446429 0.232143 0.653045
0.446429 0.250000 0.646955
0.446429 0.267857 0.641337
0.446429 0.285714 0.636177
0.446429 0.303571 0.631463
0.446429 0.321429 0.627187
0.446429 0.339286 0.623344
0.446429 0.357143 0.619926
0.446429 0.375000 0.616928
0.446429 0.392857 0.614344
0.446429 0.410714 0.612166
0.446429 0.428571 0.610390
0.446429 0.446429 0.609008
0.446429 0.464286 0.608022
0.446429 0.482143 0.607430
0.446429 0.500000 0.607233
0.446429 0.517857 0.607430
0.446429 0.535714 0.608022
0.446429 0.553571 0.609008
0.446429 0.571429 0.610390
0.446429 0.589286 0.612166
0.446429 0.607143 0.614344
0.446429 0.625000 0.616928
0.446429 0.642857 0.619926
0.446429 0.660714 0.623344
0.446429 0.678571 0.627187
0.446429 0.696429 0.631463
0.446429 0.714286 0.636177
0.446429 0.732143 0.641337
0.446429 0.750000 0.646955
0.446429 0.767857 0.653045
0.446429 0.785714 0.659622
0.446429 0.803571 0.666698
0.446429 0.821429 0.674288
0.446429 0.839286 0.682406
0.446429 0.857143 0.691066
0.446429 0.875000 0.699985
0.446429 0.892857 0.707704
0.446429 0.910714 0.712466
0.446429 0.928571 0.712514
0.446429 0.946429 0.706093
0.446429 0.964286 0.691446
0.446429 0.982143 0.666817
0.464286 0.000000 0.629429
0.464286 0.017857 0.665737
0.464286 0.035714 0.690326
0.464286 0.053571 0.704949
0.464286 0.071429 0.711360
0.464286 0.089286 0.711312
0.464286 0.107143 0.706558
0.464286 0.125000 0.698852
0.464286 0.142857 0.689946
0.464286 0.160714 0.681301
0.464286 0.178571 0.673196
0.464286 0.196429 0.665618
0.464286 0.214286 0.658553
0.464286 0.232143 0.651987
0.464286 0.250000 0.645907
0.464286 0.267857 0.640298
0.464286 0.285714 0.635146
0.464286 0.303571 0.630440
0.464286 0.321429 0.626171
0.464286 0.339286 0.622334
0.464286 0.357143 0.618922
0.464286 0.375000 0.615929
0.464286 0.392857 0.613349
0.464286 0.410714 0.611175
0.464286 0.428571 0.609401
0.464286 0.446429 0.608022
0.464286 0.464286 0.607037
0.464286 0.482143 0.606446
0.464286 0.500000 0.606249
0.464286 0.517857 0.606446
0.464286 0.535714 0.607037
0.464286 0.553571 0.608022
0.464286 0.571429 0.609401
0.464286 0.589286 0.611175
0.464286 0.607143 0.613349
0.464286 0.625000 0.615929
0.464286 0.642857 0.618922
0.464286 0.660714 0.622334
0.464286 0.678571 0.626171
0.464286 0.696429 0.630440
0.464286 0.714286 0.635146
0.464286 0.732143 0.640298
0.464286 0.750000 0.645907
0.464286 0.767857 0.651987
0.464286 0.785714 0.658553
0.464286 0.803571 0.665618
0.464286 0.821429 0.673196
0.464286 0.839286 0.681301
0.464286 0.857143 0.689946
0.464286 0.875000 0.698852
0.464286 0.892857 0.706558
0.464286 0.910714 0.711312
0.464286 0.928571 0.711360
0.464286 0.946429 0.704949
0.464286 0.964286 0.690326
0.464286 0.982143 0.665737
0.482143 0.000000 0.628817
0.482143 0.017857 0.665089
0.482143 0.035714 0.689654
0.482143 0.053571 0.704263
0.482143 0.071429 0.710668
0.482143 0.089286 0.710619
0.482143 0.107143 0.705870
0.482143 0.125000 0.698171
0.482143 0.142857 0.689275
0.482143 0.160714 0.680638
0.482143 0.178571 0.672541
0.482143 0.196429 0.664970
0.482143 0.214286 0.657912
0.482143 0.232143 0.651353
0.482143 0.250000 0.645278
0.482143 0.267857 0.639674
0.482143 0.285714 0.634528
0.482143 0.303571 0.629826
0.482143 0.321429 0.625562
0.482143 0.339286 0.621728
0.482143 0.357143 0.618320
0.482143 0.375000 0.615330
0.482143 0.392857 0.612752
0.482143 0.410714 0.610580
0.482143 0.428571 0.608808
0.482143 0.446429 0.607430
0.482143 0.464286 0.606446
0.482143 0.482143 0.605856
0.482143 0.500000 0.605659
0.482143 0.517857 0.605856
0.482143 0.535714 0.606446
0.482143 0.553571 0.607430
0.482143 0.571429 0.608808
0.482143 0.589286 0.610580
0.482143 0.607143 0.612752
0.482143 0.625000 0.615330
0.482143 0.642857 0.618320
0.482143 0.660714 0.621728
0.482143 0.678571 0.625562
0.482143 0.696429 0.629826
0.482143 0.714286 0.634528
0.482143 0.732143 0.639674
0.482143 0.750000 0.645278
0.482143 0.767857 0.651353
0.482143 0.785714 0.657912
0.482143 0.803571 0.664970
0.482143 0.821429 0.672541
0.482143 0.839286 0.680638
0.482143 0.857143 0.689275
0.482143 0.875000 0.698171
0.482143 0.892857 0.705870
0.482143 0.910714 0.710619
0.482143 0.928571 0.710668
0.482143 0.946429 0.704263
0.482143 0.964286 0.689654
0.482143 0.982143 0.665089
0.500000 0.000000 0.628612
0.500000 0.017857 0.664873
0.500000 0.035714 0.689430
0.500000 0.053571 0.704034
0.500000 0.071429 0.710437
0.500000 0.089286 0.710389
0.500000 0.107143 0.705641
0.500000 0.125000 0.697945
0.500000 0.142857 0.689051
0.500000 0.160714 0.680417
0.500000 0.178571 0.672322
0.500000 0.196429 0.664754
0.500000 0.214286 0.657698
0.500000 0.232143 0.651141
0.500000 0.250000 0.645068
0.500000 0.267857 0.639467
0.500000 0.285714 0.634322
0.500000 0.303571 0.629622
0.500000 0.321429 0.625359
0.500000 0.339286 0.621527
0.500000 0.357143 0.618119
0.500000 0.375000 0.615130
0.500000 0.392857 0.612553
0.500000 0.410714 0.610381
0.500000 0.428571 0.608610
0.500000 0.446429 0.607233
0.500000 0.464286 0.606249
0.500000 0.482143 0.605659
0.500000 0.500000 0.605462
0.500000 0.517857 0.605659
0.500000 0.535714 0.606249
0.500000 0.553571 0.607233
0.500000 0.571429 0.608610
0.500000 0.589286 0.610381
0.500000 0.607143 0.612553
0.500000 0.625000 0.615130
0.500000 0.642857 0.618119
0.500000 0.660714 0.621527
0.500000 0.678571 0.625359
0.500000 0.696429 0.629622
0.500000 0.714286 0.634322
0.500000 0.732143 0.639467
0.500000 0.750000 0.645068
0.500000 0.767857 0.651141
0.500000 0.785714 0.657698
0.500000 0.803571 0.664754
0.500000 0.821429 0.672322
0.500000 0.839286 0.680417
0.500000 0.857143 0.689051
0.500000 0.875000 0.697945
0.500000 0.892857 0.705641
0.500000 0.910714 0.710389
0.500000 0.928571 0.710437
0.500000 0.946429 0.704034
0.500000 0.964286 0.689430
0.500000 0.982143 0.664873
0.517857 0.000000 0.628817
0.517857 0.017857 0.665089
0.517857 0.035714 0.689654
0.517857 0.053571 0.704263
0.517857 0.071429 0.710668
0.517857 0.089286 0.710619
0.517857 0.107143 0.705870
0.517857 0.125000 0.698171
0.517857 0.142857 0.689275
0.517857 0.160714 0.680638
0.517857 0.178571 0.672541
0.517857 0.196429 0.664970
0.517857 0.214286 0.657912
0.517857 0.232143 0.651353
0.517857 0.250000 0.645278
0.517857 0.267857 0.639674
0.517857 0.285714 0.634528
0.517857 0.303571 0.629826
0.517857 0.321429 0.625562
0.517857 0.339286 0.621728
0.517857 0.357143 0.618320
0.517857 0.375000 0.615330
0.517857 0.392857 0.612752
0.517857 0.410714 0.610580
0.517857 0.428571 0.608808
0.517857 0.446429 0.607430
0.517857 0.464286 0.606446
0.517857 0.482143 0.605856
0.517857 0.500000 0.605659
0.517857 0.517857 0.605856
0.517857 0.535714 0.606446
0.517857 0.553571 0.607430
0.517857 0.571429 0.608808
0.517857 0.589286 0.610580
0.517857 0.607143 0.612752
0.517857 0.625000 0.615330
0.517857 0.642857 0.618320
0.517857 0.660714 0.621728
0.517857 0.678571 0.625562
0.517857 0.696429 0.629826
0.517857 0.714286 0.634528
0.517857 0.732143 0.639674
0.517857 0.750000 0.645278
0.517857 0.767857 0.651353
0.517857 0.785714 0.657912
0.517857 0.803571 0.664970
0.517857 0.821429 0.672541
0.517857 0.839286 0.680638
0.517857 0.857143 0.689275
0.517857 0.875000 0.698171
0.517857 0.892857 0.705870
0.517857 0.910714 0.710619
0.517857 0.928571 0.710668
0.517857 0.946429 0.704263
0.517857 0.964286 0.689654
0.517857 0.982143 0.665089
0.535714 0.000000 0.629429
0.535714 0.017857 0.665737
0.535714 0.035714 0.690326
0.535714 0.053571 0.704949
0.535714 0.071429 0.711360
0.535714 0.089286 0.711312
0.535714 0.107143 0.706558
0.535714 0.125000 0.698852
0.535714 0.142857 0.689946
0.535714 0.160714 0.681301
0.535714 0.178571 0.673196
0.535714 0.196429 0.665618
0.535714 0.214286 0.658553
0.535714 0.232143 0.651987
0.535714 0.250000 0.645907
0.535714 0.267857 0.640298
0.535714 0.285714 0.635146
0.535714 0.303571 0.630440
0.535714 0.321429 0.626171
0.535714 0.339286 0.622334
0.535714 0.357143 0.618922
0.535714 0.375000 0.615929
0.535714 0.392857 0.613349
0.535714 0.410714 0.611175
0.535714 0.428571 0.609401
0.535714 0.446429 0.608022
0.535714 0.464286 0.607037
0.535714 0.482143 0.606446
0.535714 0.500000 0.606249
0.535714 0.517857 0.606446
0.535714 0.535714 0.607037
0.535714 0.553571 0.608022
0.535714 0.571429 0.609401
0.535714 0.589286 0.611175
0.535714 0.607143 0.613349
0.535714 0.625000 0.615929
0.535714 0.642857 0.618922
0.535714 0.660714 0.622334
0.535714 0.678571 0.626171
0.535714 0.696429 0.630440
0.535714 0.714286 0.635146
0.535714 0.732143 0.640298
0.535714 0.750000 0.645907
0.535714 0.767857 0.651987
0.535714 0.785714 0.658553
0.535714 0.803571 0.665618
0.535714 0.821429 0.673196
0.535714 0.839286 0.681301
0.535714 0.857143 0.689946
0.535714 0.875000 0.698852
0.535714 0.892857 0.706558
0.535714 0.910714 0.711312
0.535714 0.928571 0.711360
0.535714 0.946429 0.704949
0.535714 0.964286 0.690326
0.535714 0.982143 0.665737
0.553571 0.000000 0.630451
0.553571 0.017857 0.666817
0.553571 0.035714 0.691446
0.553571 0.053571 0.706093
0.553571 0.071429 0.712514
0.553571 0.089286 0.712466
0.553571 0.107143 0.707704
0.553571 0.125000 0.699985
0.553571 0.142857 0.691066
0.553571 0.160714 0.682406
0.553571 0.178571 0.674288
0.553571 0.196429 0.666698
0.553571 0.214286 0.659622
0.553571 0.232143 0.653045
0.553571 0.250000 0.646955
0.553571 0.267857 0.641337
0.553571 0.285714 0.636177
0.553571 0.303571 0.631463
0.553571 0.321429 0.627187
0.553571 0.339286 0.623344
0.553571 0.357143 0.619926
0.553571 0.375000 0.616928
0.553571 0.392857 0.614344
0.553571 0.410714 0.612166
0.553571 0.428571 0.610390
0.553571 0.446429 0.609008
0.553571 0.464286 0.608022
0.553571 0.482143 0.607430
0.553571 0.500000 0.607233
0.553571 0.517857 0.607430
0.553571 0.535714 0.608022
0.553571 0.553571 0.609008
0.553571 0.571429 0.610390
0.553571 0.589286 0.612166
0.553571 0.607143 0.614344
0.553571 0.625000 0.616928
0.553571 0.642857 0.619926
0.553571 0.660714 0.623344
0.553571 0.678571 0.627187
0.553571 0.696429 0.631463
0.553571 0.714286 0.636177
0.553571 0.732143 0.641337
0.553571 0.750000 0.646955
0.553571 0.767857 0.653045
0.553571 0.785714 0.659622
0.553571 0.803571 0.666698
0.553571 0.821429 0.674288
0.553571 0.839286 0.682406
0.553571 0.857143 0.691066
0.553571 0.875000 0.699985
0.553571 0.892857 0.707704
0.553571 0.910714 0.712466
0.553571 0.928571 0.712514
0.553571 0.946429 0.706093
0.553571 0.964286 0.691446
0.553571 0.982143 0.666817
0.571429 0.000000 0.631880
0.571429 0.017857 0.668330
0.571429 0.035714 0.693014
0.571429 0.053571 0.707694
0.571429 0.071429 0.714130
0.571429 0.089286 0.714082
0.571429 0.107143 0.709309
0.571429 0.125000 0.701573
0.571429 0.142857 0.692633
0.571429 0.160714 0.683954
0.571429 0.178571 0.675818
0.571429 0.196429 0.668210
0.571429 0.214286 0.661118
0.571429 0.232143 0.654526
0.571429 0.250000 0.648422
0.571429 0.267857 0.642791
0.571429 0.285714 0.637620
0.571429 0.303571 0.632895
0.571429 0.321429 0.628610
0.571429 0.339286 0.624758
0.571429 0.357143 0.621332
0.571429 0.375000 0.618327
0.571429 0.392857 0.615737
0.571429 0.410714 0.613554
0.571429 0.428571 0.611774
0.571429 0.446429 0.610390
0.571429 0.464286 0.609401
0.571429 0.482143 0.608808
0.571429 0.500000 0.608610
0.571429 0.517857 0.608808
0.571429 0.535714 0.609401
0.571429 0.553571 0.610390
0.571429 0.571429 0.611774
0.571429 0.589286 0.613554
0.571429 0.607143 0.615737
0.571429 0.625000 0.618327
0.571429 0.642857 0.621332
0.571429 0.660714 0.624758
0.571429 0.678571 0.628610
0.571429 0.696429 0.632895
0.571429 0.714286 0.637620
0.571429 0.732143 0.642791
0.571429 0.750000 0.648422
0.571429 0.767857 0.654526
0.571429 0.785714 0.661118
0.571429 0.803571 0.668210
0.571429 0.821429 0.675818
0.571429 0.839286 0.683954
0.571429 0.857143 0.692633
0.571429 0.875000 0.701573
0.571429 0.892857 0.709309
0.571429 0.910714 0.714082
0.571429 0.928571 0.714130
0.571429 0.946429 0.707694
0.571429 0.964286 0.693014
0.571429 0.982143 0.668330
0.589286 0.000000 0.633719
0.589286 0.017857 0.670275
0.589286 0.035714 0.695031
0.589286 0.053571 0.709754
0.589286 0.071429 0.716209
0.589286 0.089286 0.716160
0.589286 0.107143 0.711374
0.589286 0.125000 0.703615
0.589286 0.142857 0.694649
0.589286 0.160714 0.685945
0.589286 0.178571 0.677785
0.589286 0.196429 0.670155
0.589286 0.214286 0.663042
0.589286 0.232143 0.656431
0.589286 0.250000 0.650309
0.589286 0.267857 0.644662
0.589286 0.285714 0.639475
0.589286 0.303571 0.634737
0.589286 0.321429 0.630439
0.589286 0.339286 0.626576
0.589286 0.357143 0.623141
0.589286 0.375000 0.620127
0.589286 0.392857 0.617529
0.589286 0.410714 0.615340
0.589286 0.428571 0.613554
0.589286 0.446429 0.612166
0.589286 0.464286 0.611175
0.589286 0.482143 0.610580
0.589286 0.500000 0.610381
0.589286 0.517857 0.610580
0.589286 0.535714 0.611175
0.589286 0.553571 0.612166
0.589286 0.571429 0.613554
0.589286 0.589286 0.615340
0.589286 0.607143 0.617529
0.589286 0.625000 0.620127
0.589286 0.642857 0.623141
0.589286 0.660714 0.626576
0.589286 0.678571 0.630439
0.589286 0.696429 0.634737
0.589286 0.714286 0.639475
0.589286 0.732143 0.644662
0.589286 0.750000 0.650309
0.589286 0.767857 0.656431
0.589286 0.785714 0.663042
0.589286 0.803571 0.670155
0.589286 0.821429 0.677785
0.589286 0.839286 0.685945
0.589286 0.857143 0.694649
0.589286 0.875000 0.703615
0.589286 0.892857 0.711374
0.589286 0.910714 0.716160
0.589286 0.928571 0.716209
0.589286 0.946429 0.709754
0.589286 0.964286 0.695031
0.589286 0.982143 0.670275
0.607143 0.000000 0.635974
0.607143 0.017857 0.672659
0.607143 0.035714 0.697504
0.607143 0.053571 0.712279
0.607143 0.071429 0.718756
0.607143 0.089286 0.718708
0.607143 0.107143 0.713904
0.607143 0.125000 0.706118
0.607143 0.142857 0.697120
0.607143 0.160714 0.688385
0.607143 0.178571 0.680196
0.607143 0.196429 0.672539
0.607143 0.214286 0.665400
0.607143 0.232143 0.658766
0.607143 0.250000 0.652622
0.607143 0.267857 0.646955
0.607143 0.285714 0.641750
0.607143 0.303571 0.636995
0.607143 0.321429 0.632682
0.607143 0.339286 0.628805
0.607143 0.357143 0.625357
0.607143 0.375000 0.622333
0.607143 0.392857 0.619726
0.607143 0.410714 0.617529
0.607143 0.428571 0.615737
0.607143 0.446429 0.614344
0.607143 0.464286 0.613349
0.607143 0.482143 0.612752
0.607143 0.500000 0.612553
0.607143 0.517857 0.612752
0.607143 0.535714 0.613349
0.607143 0.553571 0.614344
0.607143 0.571429 0.615737
0.607143 0.589286 0.617529
0.607143 0.607143 0.619726
0.607143 0.625000 0.622333
0.607143 0.642857 0.625357
0.607143 0.660714 0.628805
0.607143 0.678571 0.632682
0.607143 0.696429 0.636995
0.607143 0.714286 0.641750
0.607143 0.732143 0.646955
0.607143 0.750000 0.652622
0.607143 0.767857 0.658766
0.607143 0.785714 0.665400
0.607143 0.803571 0.672539
0.607143 0.821429 0.680196
0.607143 0.839286 0.688385
0.607143 0.857143 0.697120
0.607143 0.875000 0.706118
0.607143 0.892857 0.713904
0.607143 0.910714 0.718708
0.607143 0.928571 0.718756
0.607143 0.946429 0.712279
0.607143 0.964286 0.697504
0.607143 0.982143 0.672659
0.625000 0.000000 0.638649
0.625000 0.017857 0.675489
0.625000 0.035714 0.700438
0.625000 0.053571 0.715276
0.625000 0.071429 0.721780
0.625000 0.089286 0.721731
0.625000 0.107143 0.716908
0.625000 0.125000 0.709089
0.625000 0.142857 0.700053
0.625000 0.160714 0.691281
0.625000 0.178571 0.683057
0.625000 0.196429 0.675368
0.625000 0.214286 0.668200
0.625000 0.232143 0.661538
0.625000 0.250000 0.655368
0.625000 0.267857 0.649677
0.625000 0.285714 0.644450
0.625000 0.303571 0.639675
0.625000 0.321429 0.635344
0.625000 0.339286 0.631450
0.625000 0.357143 0.627988
0.625000 0.375000 0.624951
0.625000 0.392857 0.622333
0.625000 0.410714 0.620127
0.625000 0.428571 0.618327
0.625000 0.446429 0.616928
0.625000 0.464286 0.615929
0.625000 0.482143 0.615330
0.625000 0.500000 0.615130
0.625000 0.517857 0.615330
0.625000 0.535714 0.615929
0.625000 0.553571 0.616928
0.625000 0.571429 0.618327
0.625000 0.589286 0.620127
0.625000 0.607143 0.622333
0.625000 0.625000 0.624951
0.625000 0.642857 0.627988
0.625000 0.660714 0.631450
0.625000 0.678571 0.635344
0.625000 0.696429 0.639675
0.625000 0.714286 0.644450
0.625000 0.732143 0.649677
0.625000 0.750000 0.655368
0.625000 0.767857 0.661538
0.625000 0.785714 0.668200
0.625000 0.803571 0.675368
0.625000 0.821429 0.683057
0.625000 0.839286 0.691281
0.625000 0.857143 0.700053
0.625000 0.875000 0.709089
0.625000 0.892857 0.716908
0.625000 0.910714 0.721731
0.625000 0.928571 0.721780
0.625000 0.946429 0.715276
0.625000 0.964286 0.700438
0.625000 0.982143 0.675489
0.642857 0.000000 0.641753
0.642857 0.017857 0.678772
0.642857 0.035714 0.703842
0.642857 0.053571 0.718752
0.642857 0.071429 0.725288
0.642857 0.089286 0.725239
0.642857 0.107143 0.720392
0.642857 0.125000 0.712534
0.642857 0.142857 0.703455
0.642857 0.160714 0.694640
0.642857 0.178571 0.686377
0.642857 0.196429 0.678650
0.642857 0.214286 0.671447
0.642857 0.232143 0.664753
0.642857 0.250000 0.658553
0.642857 0.267857 0.652834
0.642857 0.285714 0.647582
0.642857 0.303571 0.642783
0.642857 0.321429 0.638431
0.642857 0.339286 0.634519
0.642857 0.357143 0.631040
0.642857 0.375000 0.627988
0.642857 0.392857 0.625357
0.642857 0.410714 0.623141
0.642857 0.428571 0.621332
0.642857 0.446429 0.619926
0.642857 0.464286 0.618922
0.642857 0.482143 0.618320
0.642857 0.500000 0.618119
0.642857 0.517857 0.618320
0.642857 0.535714 0.618922
0.642857 0.553571 0.619926
0.642857 0.571429 0.621332
0.642857 0.589286 0.623141
0.642857 0.607143 0.625357
0.642857 0.625000 0.627988
0.642857 0.642857 0.631040
0.642857 0.660714 0.634519
0.642857 0.678571 0.638431
0.642857 0.696429 0.642783
0.642857 0.714286 0.647582
0.642857 0.732143 0.652834
0.642857 0.750000 0.658553
0.642857 0.767857 0.664753
0.642857 0.785714 0.671447
0.642857 0.803571 0.678650
0.642857 0.821429 0.686377
0.642857 0.839286 0.694640
0.642857 0.857143 0.703455
0.642857 0.875000 0.712534
0.642857 0.892857 0.720392
0.642857 0.910714 0.725239
0.642857 0.928571 0.725288
0.642857 0.946429 0.718752
0.642857 0.964286 0.703842
0.642857 0.982143 0.678772
0.660714 0.000000 0.645291
0.660714 0.017857 0.682514
0.660714 0.035714 0.707722
0.660714 0.053571 0.722714
0.660714 0.071429 0.729286
0.660714 0.089286 0.729237
0.660714 0.107143 0.724363
0.660714 0.125000 0.716463
0.660714 0.142857 0.707333
0.660714 0.160714 0.698470
0.660714 0.178571 0.690161
0.660714 0.196429 0.682392
0.660714 0.214286 0.675149
0.660714 0.232143 0.668417
0.660714 0.250000 0.662183
0.660714 0.267857 0.656433
0.660714 0.285714 0.651152
0.660714 0.303571 0.646327
0.660714 0.321429 0.641951
0.660714 0.339286 0.638017
0.660714 0.357143 0.634519
0.660714 0.375000 0.631450
0.660714 0.392857 0.628805
0.660714 0.410714 0.626576
0.660714 0.428571 0.624758
0.660714 0.446429 0.623344
0.660714 0.464286 0.622334
0.660714 0.482143 0.621728
0.660714 0.500000 0.621527
0.660714 0.517857 0.621728
0.660714 0.535714 0.622334
0.660714 0.553571 0.623344
0.660714 0.571429 0.624758
0.660714 0.589286 0.626576
0.660714 0.607143 0.628805
0.660714 0.625000 0.631450
0.660714 0.642857 0.634519
0.660714 0.660714 0.638017
0.660714 0.678571 0.641951
0.660714 0.696429 0.646327
0.660714 0.714286 0.651152
0.660714 0.732143 0.656433
0.660714 0.750000 0.662183
0.660714 0.767857 0.668417
0.660714 0.785714 0.675149
0.660714 0.803571 0.682392
0.660714 0.821429 0.690161
0.660714 0.839286 0.698470
0.660714 0.857143 0.707333
0.660714 0.875000 0.716463
0.660714 0.892857 0.724363
0.660714 0.910714 0.729237
0.660714 0.928571 0.729286
0.660714 0.946429 0.722714
0.660714 0.964286 0.707722
0.660714 0.982143 0.682514
0.678571 0.000000 0.649270
0.678571 0.017857 0.686722
0.678571 0.035714 0.712086
0.678571 0.053571 0.727170
0.678571 0.071429 0.733783
0.678571 0.089286 0.733733
0.678571 0.107143 0.728829
0.678571 0.125000 0.720880
0.678571 0.142857 0.711694
0.678571 0.160714 0.702776
0.678571 0.178571 0.694416
0.678571 0.196429 0.686599
0.678571 0.214286 0.679311
0.678571 0.232143 0.672539
0.678571 0.250000 0.666266
0.678571 0.267857 0.660481
0.678571 0.285714 0.655167
0.678571 0.303571 0.650312
0.678571 0.321429 0.645909
0.678571 0.339286 0.641951
0.678571 0.357143 0.638431
0.678571 0.375000 0.635344
0.678571 0.392857 0.632682
0.678571 0.410714 0.630439
0.678571 0.428571 0.628610
0.678571 0.446429 0.627187
0.678571 0.464286 0.626171
0.678571 0.482143 0.625562
0.678571 0.500000 0.625359
0.678571 0.517857 0.625562
0.678571 0.535714 0.626171
0.678571 0.553571 0.627187
0.678571 0.571429 0.628610
0.678571 0.589286 0.630439
0.678571 0.607143 0.632682
0.678571 0.625000 0.635344
0.678571 0.642857 0.638431
0.678571 0.660714 0.641951
0.678571 0.678571 0.645909
0.678571 0.696429 0.650312
0.678571 0.714286 0.655167
0.678571 0.732143 0.660481
0.678571 0.750000 0.666266
0.678571 0.767857 0.672539
0.678571 0.785714 0.679311
0.678571 0.803571 0.686599
0.678571 0.821429 0.694416
0.678571 0.839286 0.702776
0.678571 0.857143 0.711694
0.678571 0.875000 0.720880
0.678571 0.892857 0.728829
0.678571 0.910714 0.733733
0.678571 0.928571 0.733783
0.678571 0.946429 0.727170
0.678571 0.964286 0.712086
0.678571 0.982143 0.686722
0.696429 0.000000 0.653696
0.696429 0.017857 0.691403
0.696429 0.035714 0.716940
0.696429 0.053571 0.732127
0.696429 0.071429 0.738785
0.696429 0.089286 0.738735
0.696429 0.107143 0.733798
0.696429 0.125000 0.725794
0.696429 0.142857 0.716546
0.696429 0.160714 0.707567
0.696429 0.178571 0.699150
0.696429 0.196429 0.691280
0.696429 0.214286 0.683942
0.696429 0.232143 0.677123
0.696429 0.250000 0.670808
0.696429 0.267857 0.664983
0.696429 0.285714 0.659633
0.696429 0.303571 0.654745
0.696429 0.321429 0.650312
0.696429 0.339286 0.646327
0.696429 0.357143 0.642783
0.696429 0.375000 0.639675
0.696429 0.392857 0.636995
0.696429 0.410714 0.634737
0.696429 0.428571 0.632895
0.696429 0.446429 0.631463
0.696429 0.464286 0.630440
0.696429 0.482143 0.629826
0.696429 0.500000 0.629622
0.696429 0.517857 0.629826
0.696429 0.535714 0.630440
0.696429 0.553571 0.631463
0.696429 0.571429 0.632895
0.696429 0.589286 0.634737
0.696429 0.607143 0.636995
0.696429 0.625000 0.639675
0.696429 0.642857 0.642783
0.696429 0.660714 0.646327
0.696429 0.678571 0.650312
0.696429 0.696429 0.654745
0.696429 0.714286 0.659633
0.696429 0.732143 0.664983
0.696429 0.750000 0.670808
0.696429 0.767857 0.677123
0.696429 0.785714 0.683942
0.696429 0.803571 0.691280
0.696429 0.821429 0.699150
0.696429 0.839286 0.707567
0.696429 0.857143 0.716546
0.696429 0.875000 0.725794
0.696429 0.892857 0.733798
0.696429 0.910714 0.738735
0.696429 0.928571 0.738785
0.696429 0.946429 0.732127
0.696429 0.964286 0.716940
0.696429 0.982143 0.691403
0.714286 0.000000 0.658575
0.714286 0.017857 0.696565
0.714286 0.035714 0.722292
0.714286 0.053571 0.737593
0.714286 0.071429 0.744300
0.714286 0.089286 0.744250
0.714286 0.107143 0.739275
0.714286 0.125000 0.731212
0.714286 0.142857 0.721895
0.714286 0.160714 0.712849
0.714286 0.178571 0.704369
0.714286 0.196429 0.696440
0.714286 0.214286 0.689048
0.714286 0.232143 0.682178
0.714286 0.250000 0.675816
0.714286 0.267857 0.669947
0.714286 0.285714 0.664557
0.714286 0.303571 0.659633
0.714286 0.321429 0.655167
0.714286 0.339286 0.651152
0.714286 0.357143 0.647582
0.714286 0.375000 0.644450
0.714286 0.392857 0.641750
0.714286 0.410714 0.639475
0.714286 0.428571 0.637620
0.714286 0.446429 0.636177
0.714286 0.464286 0.635146
0.714286 0.482143 0.634528
0.714286 0.500000 0.634322
0.714286 0.517857 0.634528
0.714286 0.535714 0.635146
0.714286 0.553571 0.636177
0.714286 0.571429 0.637620
0.714286 0.589286 0.639475
0.714286 0.607143 0.641750
0.714286 0.625000 0.644450
0.714286 0.642857 0.647582
0.714286 0.660714 0.651152
0.714286 0.678571 0.655167
0.714286 0.696429 0.659633
0.714286 0.714286 0.664557
0.714286 0.732143 0.669947
0.714286 0.750000 0.675816
0.714286 0.767857 0.682178
0.714286 0.785714 0.689048
0.714286 0.803571 0.696440
0.714286 0.821429 0.704369
0.714286 0.839286 0.712849
0.714286 0.857143 0.721895
0.714286 0.875000 0.731212
0.714286 0.892857 0.739275
0.714286 0.910714 0.744250
0.714286 0.928571 0.744300
0.714286 0.946429 0.737593
0.714286 0.964286 0.722292
0.714286 0.982143 0.696565
0.732143 0.000000 0.663917
0.732143 0.017857 0.702214
0.732143 0.035714 0.728150
0.732143 0.053571 0.743575
0.732143 0.071429 0.750337
0.732143 0.089286 0.750286
0.732143 0.107143 0.745271
0.732143 0.125000 0.737143
0.732143 0.142857 0.727750
0.732143 0.160714 0.718631
0.732143 0.178571 0.710082
0.732143 0.196429 0.702089
0.732143 0.214286 0.694636
0.732143 0.232143 0.687711
0.732143 0.250000 0.681297
0.732143 0.267857 0.675381
0.732143 0.285714 0.669947
0.732143 0.303571 0.664983
0.732143 0.321429 0.660481
0.732143 0.339286 0.656433
0.732143 0.357143 0.652834
0.732143 0.375000 0.649677
0.732143 0.392857 0.646955
0.732143 0.410714 0.644662
0.732143 0.428571 0.642791
0.732143 0.446429 0.641337
0.732143 0.464286 0.640298
0.732143 0.482143 0.639674
0.732143 0.500000 0.639467
0.732143 0.517857 0.639674
0.732143 0.535714 0.640298
0.732143 0.553571 0.641337
0.732143 0.571429 0.642791
0.732143 0.589286 0.644662
0.732143 0.607143 0.646955
0.732143 0.625000 0.649677
0.732143 0.642857 0.652834
0.732143 0.660714 0.656433
0.732143 0.678571 0.660481
0.732143 0.696429 0.664983
0.732143 0.714286 0.669947
0.732143 0.732143 0.675381
0.732143 0.750000 0.681297
0.732143 0.767857 0.687711
0.732143 0.785714 0.694636
0.732143 0.803571 0.702089
0.732143 0.821429 0.710082
0.732143 0.839286 0.718631
0.732143 0.857143 0.727750
0.732143 0.875000 0.737143
0.732143 0.892857 0.745271
0.732143 0.910714 0.750286
0.732143 0.928571 0.750337
0.732143 0.946429 0.743575
0.732143 0.964286 0.728150
0.732143 0.982143 0.702214
0.750000 0.000000 0.669733
0.750000 0.017857 0.708366
0.750000 0.035714 0.734529
0.750000 0.053571 0.750089
0.750000 0.071429 0.756910
0.750000 0.089286 0.756858
0.750000 0.107143 0.751800
0.750000 0.125000 0.743600
0.750000 0.142857 0.734125
0.750000 0.160714 0.724926
0.750000 0.178571 0.716302
0.750000 0.196429 0.708239
0.750000 0.214286 0.700722
0.750000 0.232143 0.693735
0.750000 0.250000 0.687265
0.750000 0.267857 0.681297
0.750000 0.285714 0.675816
0.750000 0.303571 0.670808
0.750000 0.321429 0.666266
0.750000 0.339286 0.662183
0.750000 0.357143 0.658553
0.750000 0.375000 0.655368
0.750000 0.392857 0.652622
0.750000 0.410714 0.650309
0.750000 0.428571 0.648422
0.750000 0.446429 0.646955
0.750000 0.464286 0.645907
0.750000 0.482143 0.645278
0.750000 0.500000 0.645068
0.750000 0.517857 0.645278
0.750000 0.535714 0.645907
0.750000 0.553571 0.646955
0.750000 0.571429 0.648422
0.750000 0.589286 0.650309
0.750000 0.607143 0.652622
0.750000 0.625000 0.655368
0.750000 0.642857 0.658553
0.750000 0.660714 0.662183
0.750000 0.678571 0.666266
0.750000 0.696429 0.670808
0.750000 0.714286 0.675816
0.750000 0.732143 0.681297
0.750000 0.750000 0.687265
0.750000 0.767857 0.693735
0.750000 0.785714 0.700722
0.750000 0.803571 0.708239
0.750000 0.821429 0.716302
0.750000 0.839286 0.724926
0.750000 0.857143 0.734125
0.750000 0.875000 0.743600
0.750000 0.892857 0.751800
0.750000 0.910714 0.756858
0.750000 0.928571 0.756910
0.750000 0.946429 0.750089
0.750000 0.964286 0.734529
0.750000 0.982143 0.708366
0.767857 0.000000 0.676038
0.767857 0.017857 0.715034
0.767857 0.035714 0.741444
0.767857 0.053571 0.757150
0.767857 0.071429 0.764035
0.767857 0.089286 0.763983
0.767857 0.107143 0.758877
0.767857 0.125000 0.750601
0.767857 0.142857 0.741036
0.767857 0.160714 0.731750
0.767857 0.178571 0.723045
0.767857 0.196429 0.714906
0.767857 0.214286 0.707318
0.767857 0.232143 0.700266
0.767857 0.250000 0.693735
0.767857 0.267857 0.687711
0.767857 0.285714 0.682178
0.767857 0.303571 0.677123
0.767857 0.321429 0.672539
0.767857 0.339286 0.668417
0.767857 0.357143 0.664753
0.767857 0.375000 0.661538
0.767857 0.392857 0.658766
0.767857 0.410714 0.656431
0.767857 0.428571 0.654526
0.767857 0.446429 0.653045
0.767857 0.464286 0.651987
0.767857 0.482143 0.651353
0.767857 0.500000 0.651141
0.767857 0.517857 0.651353
0.767857 0.535714 0.651987
0.767857 0.553571 0.653045
0.767857 0.571429 0.654526
0.767857 0.589286 0.656431
0.767857 0.607143 0.658766
0.767857 0.625000 0.661538
0.767857 0.642857 0.664753
0.767857 0.660714 0.668417
0.767857 0.678571 0.672539
0.767857 0.696429 0.677123
0.767857 0.714286 0.682178
0.767857 0.732143 0.687711
0.767857 0.750000 0.693735
0.767857 0.767857 0.700266
0.767857 0.785714 0.707318
0.767857 0.803571 0.714906
0.767857 0.821429 0.723045
0.767857 0.839286 0.731750
0.767857 0.857143 0.741036
0.767857 0.875000 0.750601
0.767857 0.892857 0.758877
0.767857 0.910714 0.763983
0.767857 0.928571 0.764035
0.767857 0.946429 0.757150
0.767857 0.964286 0.741444
0.767857 0.982143 0.715034
0.785714 0.000000 0.682846
0.785714 0.017857 0.722235
0.785714 0.035714 0.748911
0.785714 0.053571 0.764775
0.785714 0.071429 0.771730
0.785714 0.089286 0.771677
0.785714 0.107143 0.766520
0.785714 0.125000 0.758160
0.785714 0.142857 0.748499
0.785714 0.160714 0.739120
0.785714 0.178571 0.730327
0.785714 0.196429 0.722106
0.785714 0.214286 0.714441
0.785714 0.232143 0.707318
0.785714 0.250000 0.700722
0.785714 0.267857 0.694636
0.785714 0.285714 0.689048
0.785714 0.303571 0.683942
0.785714 0.321429 0.679311
0.785714 0.339286 0.675149
0.785714 0.357143 0.671447
0.785714 0.375000 0.668200
0.785714 0.392857 0.665400
0.785714 0.410714 0.663042
0.785714 0.428571 0.661118
0.785714 0.446429 0.659622
0.785714 0.464286 0.658553
0.785714 0.482143 0.657912
0.785714 0.500000 0.657698
0.785714 0.517857 0.657912
0.785714 0.535714 0.658553
0.785714 0.553571 0.659622
0.785714 0.571429 0.661118
0.785714 0.589286 0.663042
0.785714 0.607143 0.665400
0.785714 0.625000 0.668200
0.785714 0.642857 0.671447
0.785714 0.660714 0.675149
0.785714 0.678571 0.679311
0.785714 0.696429 0.683942
0.785714 0.714286 0.689048
0.785714 0.732143 0.694636
0.785714 0.750000 0.700722
0.785714 0.767857 0.707318
0.785714 0.785714 0.714441
0.785714 0.803571 0.722106
0.785714 0.821429 0.730327
0.785714 0.839286 0.739120
0.785714 0.857143 0.748499
0.785714 0.875000 0.758160
0.785714 0.892857 0.766520
0.785714 0.910714 0.771677
0.785714 0.928571 0.771730
0.785714 0.946429 0.764775
0.785714 0.964286 0.748911
0.785714 0.982143 0.722235
0.803571 0.000000 0.690171
0.803571 0.017857 0.729983
0.803571 0.035714 0.756945
0.803571 0.053571 0.772979
0.803571 0.071429 0.780009
0.803571 0.089286 0.779956
0.803571 0.107143 0.774743
0.803571 0.125000 0.766293
0.803571 0.142857 0.756529
0.803571 0.160714 0.747049
0.803571 0.178571 0.738162
0.803571 0.196429 0.729853
0.803571 0.214286 0.722106
0.803571 0.232143 0.714906
0.803571 0.250000 0.708239
0.803571 0.267857 0.702089
0.803571 0.285714 0.696440
0.803571 0.303571 0.691280
0.803571 0.321429 0.686599
0.803571 0.339286 0.682392
0.803571 0.357143 0.678650
0.803571 0.375000 0.675368
0.803571 0.392857 0.672539
0.803571 0.410714 0.670155
0.803571 0.428571 0.668210
0.803571 0.446429 0.666698
0.803571 0.464286 0.665618
0.803571 0.482143 0.664970
0.803571 0.500000 0.664754
0.803571 0.517857 0.664970
0.803571 0.535714 0.665618
0.803571 0.553571 0.666698
0.803571 0.571429 0.668210
0.803571 0.589286 0.670155
0.803571 0.607143 0.672539
0.803571 0.625000 0.675368
0.803571 0.642857 0.678650
0.803571 0.660714 0.682392
0.803571 0.678571 0.686599
0.803571 0.696429 0.691280
0.803571 0.714286 0.696440
0.803571 0.732143 0.702089
0.803571 0.750000 0.708239
0.803571 0.767857 0.714906
0.803571 0.785714 0.722106
0.803571 0.803571 0.729853
0.803571 0.821429 0.738162
0.803571 0.839286 0.747049
0.803571 0.857143 0.756529
0.803571 0.875000 0.766293
0.803571 0.892857 0.774743
0.803571 0.910714 0.779956
0.803571 0.928571 0.780009
0.803571 0.946429 0.772979
0.803571 0.964286 0.756945
0.803571 0.982143 0.729983
0.821429 0.000000 0.698029
0.821429 0.017857 0.738294
0.821429 0.035714 0.765563
0.821429 0.053571 0.781780
0.821429 0.071429 0.788889
0.821429 0.089286 0.788836
0.821429 0.107143 0.783564
0.821429 0.125000 0.775017
0.821429 0.142857 0.765142
0.821429 0.160714 0.755554
0.821429 0.178571 0.746566
0.821429 0.196429 0.738162
0.821429 0.214286 0.730327
0.821429 0.232143 0.723045
0.821429 0.250000 0.716302
0.821429 0.267857 0.710082
0.821429 0.285714 0.704369
0.821429 0.303571 0.699150
0.821429 0.321429 0.694416
0.821429 0.339286 0.690161
0.821429 0.357143 0.686377
0.821429 0.375000 0.683057
0.821429 0.392857 0.680196
0.821429 0.410714 0.677785
0.821429 0.428571 0.675818
0.821429 0.446429 0.674288
0.821429 0.464286 0.673196
0.821429 0.482143 0.672541
0.821429 0.500000 0.672322
0.821429 0.517857 0.672541
0.821429 0.535714 0.673196
0.821429 0.553571 0.674288
0.821429 0.571429 0.675818
0.821429 0.589286 0.677785
0.821429 0.607143 0.680196
0.821429 0.625000 0.683057
0.821429 0.642857 0.686377
0.821429 0.660714 0.690161
0.821429 0.678571 0.694416
0.821429 0.696429 0.699150
0.821429 0.714286 0.704369
0.821429 0.732143 0.710082
0.821429 0.750000 0.716302
0.821429 0.767857 0.723045
0.821429 0.785714 0.730327
0.821429 0.803571 0.738162
0.821429 0.821429 0.746566
0.821429 0.839286 0.755554
0.821429 0.857143 0.765142
0.821429 0.875000 0.775017
0.821429 0.892857 0.783564
0.821429 0.910714 0.788836
0.821429 0.928571 0.788889
0.821429 0.946429 0.781780
0.821429 0.964286 0.765563
0.821429 0.982143 0.738294
0.839286 0.000000 0.706433
0.839286 0.017857 0.747183
0.839286 0.035714 0.774780
0.839286 0.053571 0.791192
0.839286 0.071429 0.798387
0.839286 0.089286 0.798333
0.839286 0.107143 0.792997
0.839286 0.125000 0.784348
0.839286 0.142857 0.774353
0.839286 0.160714 0.764650
0.839286 0.178571 0.755554
0.839286 0.196429 0.747049
0.839286 0.214286 0.739120
0.839286 0.232143 0.731750
0.839286 0.250000 0.724926
0.839286 0.267857 0.718631
0.839286 0.285714 0.712849
0.839286 0.303571 0.707567
0.839286 0.321429 0.702776
0.839286 0.339286 0.698470
0.839286 0.357143 0.694640
0.839286 0.375000 0.691281
0.839286 0.392857 0.688385
0.839286 0.410714 0.685945
0.839286 0.428571 0.683954
0.839286 0.446429 0.682406
0.839286 0.464286 0.681301
0.839286 0.482143 0.680638
0.839286 0.500000 0.680417
0.839286 0.517857 0.680638
0.839286 0.535714 0.681301
0.839286 0.553571 0.682406
0.839286 0.571429 0.683954
0.839286 0.589286 0.685945
0.839286 0.607143 0.688385
0.839286 0.625000 0.691281
0.839286 0.642857 0.694640
0.839286 0.660714 0.698470
0.839286 0.678571 0.702776
0.839286 0.696429 0.707567
0.839286 0.714286 0.712849
0.839286 0.732143 0.718631
0.839286 0.750000 0.724926
0.839286 0.767857 0.731750
0.839286 0.785714 0.739120
0.839286 0.803571 0.747049
0.839286 0.821429 0.755554
0.839286 0.839286 0.764650
0.839286 0.857143 0.774353
0.839286 0.875000 0.784348
0.839286 0.892857 0.792997
0.839286 0.910714 0.798333
0.839286 0.928571 0.798387
0.839286 0.946429 0.791192
0.839286 0.964286 0.774780
0.839286 0.982143 0.747183
0.857143 0.000000 0.715397
0.857143 0.017857 0.756664
0.857143 0.035714 0.784611
0.857143 0.053571 0.801232
0.857143 0.071429 0.808518
0.857143 0.089286 0.808463
0.857143 0.107143 0.803060
0.857143 0.125000 0.794301
0.857143 0.142857 0.784179
0.857143 0.160714 0.774353
0.857143 0.178571 0.765142
0.857143 0.196429 0.756529
0.857143 0.214286 0.748499
0.857143 0.232143 0.741036
0.857143 0.250000 0.734125
0.857143 0.267857 0.727750
0.857143 0.285714 0.721895
0.857143 0.303571 0.716546
0.857143 0.321429 0.711694
0.857143 0.339286 0.707333
0.857143 0.357143 0.703455
0.857143 0.375000 0.700053
0.857143 0.392857 0.697120
0.857143 0.410714 0.694649
0.857143 0.428571 0.692633
0.857143 0.446429 0.691066
0.857143 0.464286 0.689946
0.857143 0.482143 0.689275
0.857143 0.500000 0.689051
0.857143 0.517857 0.689275
0.857143 0.535714 0.689946
0.857143 0.553571 0.691066
0.857143 0.571429 0.692633
0.857143 0.589286 0.694649
0.857143 0.607143 0.697120
0.857143 0.625000 0.700053
0.857143 0.642857 0.703455
0.857143 0.660714 0.707333
0.857143 0.678571 0.711694
0.857143 0.696429 0.716546
0.857143 0.714286 0.721895
0.857143 0.732143 0.727750
0.857143 0.750000 0.734125
0.857143 0.767857 0.741036
0.857143 0.785714 0.748499
0.857143 0.803571 0.756529
0.857143 0.821429 0.765142
0.857143 0.839286 0.774353
0.857143 0.857143 0.784179
0.857143 0.875000 0.794301
0.857143 0.892857 0.803060
0.857143 0.910714 0.808463
0.857143 0.928571 0.808518
0.857143 0.946429 0.801232
0.857143 0.964286 0.784611
0.857143 0.982143 0.756664
0.875000 0.000000 0.724631
0.875000 0.017857 0.766430
0.875000 0.035714 0.794738
0.875000 0.053571 0.811573
0.875000 0.071429 0.818954
0.875000 0.089286 0.818898
0.875000 0.107143 0.813425
0.875000 0.125000 0.804553
0.875000 0.142857 0.794301
0.875000 0.160714 0.784348
0.875000 0.178571 0.775017
0.875000 0.196429 0.766293
0.875000 0.214286 0.758160
0.875000 0.232143 0.750601
0.875000 0.250000 0.743600
0.875000 0.267857 0.737143
0.875000 0.285714 0.731212
0.875000 0.303571 0.725794
0.875000 0.321429 0.720880
0.875000 0.339286 0.716463
0.875000 0.357143 0.712534
0.875000 0.375000 0.709089
0.875000 0.392857 0.706118
0.875000 0.410714 0.703615
0.875000 0.428571 0.701573
0.875000 0.446429 0.699985
0.875000 0.464286 0.698852
0.875000 0.482143 0.698171
0.875000 0.500000 0.697945
0.875000 0.517857 0.698171
0.875000 0.535714 0.698852
0.875000 0.553571 0.699985
0.875000 0.571429 0.701573
0.875000 0.589286 0.703615
0.875000 0.607143 0.706118
0.875000 0.625000 0.709089
0.875000 0.642857 0.712534
0.875000 0.660714 0.716463
0.875000 0.678571 0.720880
0.875000 0.696429 0.725794
0.875000 0.714286 0.731212
0.875000 0.732143 0.737143
0.875000 0.750000 0.743600
0.875000 0.767857 0.750601
0.875000 0.785714 0.758160
0.875000 0.803571 0.766293
0.875000 0.821429 0.775017
0.875000 0.839286 0.784348
0.875000 0.857143 0.794301
0.875000 0.875000 0.804553
0.875000 0.892857 0.813425
0.875000 0.910714 0.818898
0.875000 0.928571 0.818954
0.875000 0.946429 0.811573
0.875000 0.964286 0.794738
0.875000 0.982143 0.766430
0.892857 0.000000 0.732621
0.892857 0.017857 0.774882
0.892857 0.035714 0.803502
0.892857 0.053571 0.820522
0.892857 0.071429 0.827984
0.892857 0.089286 0.827928
0.892857 0.107143 0.822395
0.892857 0.125000 0.813425
0.892857 0.142857 0.803060
0.892857 0.160714 0.792997
0.892857 0.178571 0.783564
0.892857 0.196429 0.774743
0.892857 0.214286 0.766520
0.892857 0.232143 0.758877
0.892857 0.250000 0.751800
0.892857 0.267857 0.745271
0.892857 0.285714 0.739275
0.892857 0.303571 0.733798
0.892857 0.321429 0.728829
0.892857 0.339286 0.724363
0.892857 0.357143 0.720392
0.892857 0.375000 0.716908
0.892857 0.392857 0.713904
0.892857 0.410714 0.711374
0.892857 0.428571 0.709309
0.892857 0.446429 0.707704
0.892857 0.464286 0.706558
0.892857 0.482143 0.705870
0.892857 0.500000 0.705641
0.892857 0.517857 0.705870
0.892857 0.535714 0.706558
0.892857 0.553571 0.707704
0.892857 0.571429 0.709309
0.892857 0.589286 0.711374
0.892857 0.607143 0.713904
0.892857 0.625000 0.716908
0.892857 0.642857 0.720392
0.892857 0.660714 0.724363
0.892857 0.678571 0.728829
0.892857 0.696429 0.733798
0.892857 0.714286 0.739275
0.892857 0.732143 0.745271
0.892857 0.750000 0.751800
0.892857 0.767857 0.758877
0.892857 0.785714 0.766520
0.892857 0.803571 0.774743
0.892857 0.821429 0.783564
0.892857 0.839286 0.792997
0.892857 0.857143 0.803060
0.892857 0.875000 0.813425
0.892857 0.892857 0.822395
0.892857 0.910714 0.827928
0.892857 0.928571 0.827984
0.892857 0.946429 0.820522
0.892857 0.964286 0.803502
0.892857 0.982143 0.774882
0.910714 0.000000 0.737551
0.910714 0.017857 0.780095
0.910714 0.035714 0.808908
0.910714 0.053571 0.826043
0.910714 0.071429 0.833555
0.910714 0.089286 0.833499
0.910714 0.107143 0.827928
0.910714 0.125000 0.818898
0.910714 0.142857 0.808463
0.910714 0.160714 0.798333
0.910714 0.178571 0.788836
0.910714 0.196429 0.779956
0.910714 0.214286 0.771677
0.910714 0.232143 0.763983
0.910714 0.250000 0.756858
0.910714 0.267857 0.750286
0.910714 0.285714 0.744250
0.910714 0.303571 0.738735
0.910714 0.321429 0.733733
0.910714 0.339286 0.729237
0.910714 0.357143 0.725239
0.910714 0.375000 0.721731
0.910714 0.392857 0.718708
0.910714 0.410714 0.716160
0.910714 0.428571 0.714082
0.910714 0.446429 0.712466
0.910714 0.464286 0.711312
0.910714 0.482143 0.710619
0.910714 0.500000 0.710389
0.910714 0.517857 0.710619
0.910714 0.535714 0.711312
0.910714 0.553571 0.712466
0.910714 0.571429 0.714082
0.910714 0.589286 0.716160
0.910714 0.607143 0.718708
0.910714 0.625000 0.721731
0.910714 0.642857 0.725239
0.910714 0.660714 0.729237
0.910714 0.678571 0.733733
0.910714 0.696429 0.738735
0.910714 0.714286 0.744250
0.910714 0.732143 0.750286
0.910714 0.750000 0.756858
0.910714 0.767857 0.763983
0.910714 0.785714 0.771677
0.910714 0.803571 0.779956
0.910714 0.821429 0.788836
0.910714 0.839286 0.798333
0.910714 0.857143 0.808463
0.910714 0.875000 0.818898
0.910714 0.892857 0.827928
0.910714 0.910714 0.833499
0.910714 0.928571 0.833555
0.910714 0.946429 0.826043
0.910714 0.964286 0.808908
0.910714 0.982143 0.780095
0.928571 0.000000 0.737601
0.928571 0.017857 0.780148
0.928571 0.035714 0.808963
0.928571 0.053571 0.826099
0.928571 0.071429 0.833612
0.928571 0.089286 0.833555
0.928571 0.107143 0.827984
0.928571 0.125000 0.818954
0.928571 0.142857 0.808518
0.928571 0.160714 0.798387
0.928571 0.178571 0.788889
0.928571 0.196429 0.780009
0.928571 0.214286 0.771730
0.928571 0.232143 0.764035
0.928571 0.250000 0.756910
0.928571 0.267857 0.750337
0.928571 0.285714 0.744300
0.928571 0.303571 0.738785
0.928571 0.321429 0.733783
0.928571 0.339286 0.729286
0.928571 0.357143 0.725288
0.928571 0.375000 0.721780
0.928571 0.392857 0.718756
0.928571 0.410714 0.716209
0.928571 0.428571 0.714130
0.928571 0.446429 0.712514
0.928571 0.464286 0.711360
0.928571 0.482143 0.710668
0.928571 0.500000 0.710437
0.928571 0.517857 0.710668
0.928571 0.535714 0.711360
0.928571 0.553571 0.712514
0.928571 0.571429 0.714130
0.928571 0.589286 0.716209
0.928571 0.607143 0.718756
0.928571 0.625000 0.721780
0.928571 0.642857 0.725288
0.928571 0.660714 0.729286
0.928571 0.678571 0.733783
0.928571 0.696429 0.738785
0.928571 0.714286 0.744300
0.928571 0.732143 0.750337
0.928571 0.750000 0.756910
0.928571 0.767857 0.764035
0.928571 0.785714 0.771730
0.928571 0.803571 0.780009
0.928571 0.821429 0.788889
0.928571 0.839286 0.798387
0.928571 0.857143 0.808518
0.928571 0.875000 0.818954
0.928571 0.892857 0.827984
0.928571 0.910714 0.833555
0.928571 0.928571 0.833612
0.928571 0.946429 0.826099
0.928571 0.964286 0.808963
0.928571 0.982143 0.780148
0.946429 0.000000 0.730953
0.946429 0.017857 0.773118
0.946429 0.035714 0.801673
0.946429 0.053571 0.818654
0.946429 0.071429 0.826099
0.946429 0.089286 0.826043
0.946429 0.107143 0.820522
0.946429 0.125000 0.811573
0.946429 0.142857 0.801232
0.946429 0.160714 0.791192
0.946429 0.178571 0.781780
0.946429 0.196429 0.772979
0.946429 0.214286 0.764775
0.946429 0.232143 0.757150
0.946429 0.250000 0.750089
0.946429 0.267857 0.743575
0.946429 0.285714 0.737593
0.946429 0.303571 0.732127
0.946429 0.321429 0.727170
0.946429 0.339286 0.722714
0.946429 0.357143 0.718752
0.946429 0.375000 0.715276
0.946429 0.392857 0.712279
0.946429 0.410714 0.709754
0.946429 0.428571 0.707694
0.946429 0.446429 0.706093
0.946429 0.464286 0.704949
0.946429 0.482143 0.704263
0.946429 0.500000 0.704034
0.946429 0.517857 0.704263
0.946429 0.535714 0.704949
0.946429 0.553571 0.706093
0.946429 0.571429 0.707694
0.946429 0.589286 0.709754
0.946429 0.607143 0.712279
0.946429 0.625000 0.715276
0.946429 0.642857 0.718752
0.946429 0.660714 0.722714
0.946429 0.678571 0.727170
0.946429 0.696429 0.732127
0.946429 0.714286 0.737593
0.946429 0.732143 0.743575
0.946429 0.750000 0.750089
0.946429 0.767857 0.757150
0.946429 0.785714 0.764775
0.946429 0.803571 0.772979
0.946429 0.821429 0.781780
0.946429 0.839286 0.791192
0.946429 0.857143 0.801232
0.946429 0.875000 0.811573
0.946429 0.892857 0.820522
0.946429 0.910714 0.826043
0.946429 0.928571 0.826099
0.946429 0.946429 0.818654
0.946429 0.964286 0.801673
0.946429 0.982143 0.773118
0.964286 0.000000 0.715791
0.964286 0.017857 0.757080
0.964286 0.035714 0.785043
0.964286 0.053571 0.801673
0.964286 0.071429 0.808963
0.964286 0.089286 0.808908
0.964286 0.107143 0.803502
0.964286 0.125000 0.794738
0.964286 0.142857 0.784611
0.964286 0.160714 0.774780
0.964286 0.178571 0.765563
0.964286 0.196429 0.756945
0.964286 0.214286 0.748911
0.964286 0.232143 0.741444
0.964286 0.250000 0.734529
0.964286 0.267857 0.728150
0.964286 0.285714 0.722292
0.964286 0.303571 0.716940
0.964286 0.321429 0.712086
0.964286 0.339286 0.707722
0.964286 0.357143 0.703842
0.964286 0.375000 0.700438
0.964286 0.392857 0.697504
0.964286 0.410714 0.695031
0.964286 0.428571 0.693014
0.964286 0.446429 0.691446
0.964286 0.464286 0.690326
0.964286 0.482143 0.689654
0.964286 0.500000 0.689430
0.964286 0.517857 0.689654
0.964286 0.535714 0.690326
0.964286 0.553571 0.691446
0.964286 0.571429 0.693014
0.964286 0.589286 0.695031
0.964286 0.607143 0.697504
0.964286 0.625000 0.700438
0.964286 0.642857 0.703842
0.964286 0.660714 0.707722
0.964286 0.678571 0.712086
0.964286 0.696429 0.716940
0.964286 0.714286 0.722292
0.964286 0.732143 0.728150
0.964286 0.750000 0.734529
0.964286 0.767857 0.741444
0.964286 0.785714 0.748911
0.964286 0.803571 0.756945
0.964286 0.821429 0.765563
0.964286 0.839286 0.774780
0.964286 0.857143 0.784611
0.964286 0.875000 0.794738
0.964286 0.892857 0.803502
0.964286 0.910714 0.808908
0.964286 0.928571 0.808963
0.964286 0.946429 0.801673
0.964286 0.964286 0.785043
0.964286 0.982143 0.757080
0.982143 0.000000 0.690295
0.982143 0.017857 0.730114
0.982143 0.035714 0.757080
0.982143 0.053571 0.773118
0.982143 0.071429 0.780148
0.982143 0.089286 0.780095
0.982143 0.107143 0.774882
0.982143 0.125000 0.766430
0.982143 0.142857 0.756664
0.982143 0.160714 0.747183
0.982143 0.178571 0.738294
0.982143 0.196429 0.729983
0.982143 0.214286 0.722235
0.982143 0.232143 0.715034
0.982143 0.250000 0.708366
0.982143 0.267857 0.702214
0.982143 0.285714 0.696565
0.982143 0.303571 0.691403
0.982143 0.321429 0.686722
0.982143 0.339286 0.682514
0.982143 0.357143 0.678772
0.982143 0.375000 0.675489
0.982143 0.392857 0.672659
0.982143 0.410714 0.670275
0.982143 0.428571 0.668330
0.982143 0.446429 0.666817
0.982143 0.464286 0.665737
0.982143 0.482143 0.665089
0.982143 0.500000 0.664873
0.982143 0.517857 0.665089
0.982143 0.535714 0.665737
0.982143 0.553571 0.666817
0.982143 0.571429 0.668330
0.982143 0.589286 0.670275
0.982143 0.607143 0.672659
0.982143 0.625000 0.675489
0.982143 0.642857 0.678772
0.982143 0.660714 0.682514
0.982143 0.678571 0.686722
0.982143 0.696429 0.691403
0.982143 0.714286 0.696565
0.982143 0.732143 0.702214
0.982143 0.750000 0.708366
0.982143 0.767857 0.715034
0.982143 0.785714 0.722235
0.982143 0.803571 0.729983
0.982143 0.821429 0.738294
0.982143 0.839286 0.747183
0.982143 0.857143 0.756664
0.982143 0.875000 0.766430
0.982143 0.892857 0.774882
0.982143 0.910714 0.780095
0.982143 0.928571 0.780148
0.982143 0.946429 0.773118
0.982143 0.964286 0.757080
0.982143 0.982143 0.730114
